==== Solution details ====

Solved river basin instance between 2021-04-03 00:00 and 2021-04-03 23:45.
The instance was solved at 2023-04-06 18:46 with the PSO algorithm.

---- Solver configuration ----

Configuration:
{
  "volume_objectives": {
    "dam1": 59627.42324,
    "dam2": 31010.43613642857
  },
  "volume_shortage_penalty": 3,
  "volume_exceedance_bonus": 0.1,
  "startups_penalty": 50,
  "limit_zones_penalty": 50,
  "use_relvars": true,
  "max_relvar": 0.5,
  "flow_smoothing": 0
}

Parameters and other information:
{}

---- Objective function ----

Objective function values:
{
  "income": 6439.728891049013,
  "startups": 4.0,
  "times_in_limit": 7.0,
  "dam1_shortage": 0.0,
  "dam1_exceedance": 10590.897252020259,
  "dam2_shortage": 3065.250825182331,
  "dam2_exceedance": 0.0
}

Objective function:
2246.933859295954

---- River basin history ----

   scenario time  price   incoming  dam1_unreg  dam1_flow_assigned  dam1_flow_smoothed  dam1_flow_clipped1  dam1_flow_clipped2  dam1_netflow  dam1_volchange      dam1_vol  dam1_power  dam1_turbined  dam1_groups dam1_startups dam1_limits  dam1_income  dam2_unreg  dam2_flow_assigned  dam2_flow_smoothed  dam2_flow_clipped1  dam2_flow_clipped2  dam2_netflow  dam2_volchange      dam2_vol  dam2_power  dam2_turbined  dam2_groups dam2_startups dam2_limits  dam2_income
0         0    0  45.10  10.488607    2.941520            6.788708            6.788708            6.788708            6.788708      6.641419     5977.276713  69152.238141    2.347268       7.598275          1.5             0           1    26.465448    0.232807            6.584416            6.584416            6.374756            6.374756      1.456325     1310.692785  37811.055620    4.824667       6.492724          2.0             0           0    54.398121
1         0    1  45.10   9.008515    2.941520            7.487264            7.487264            7.487264            7.487264      4.462771     4016.493832  70882.000000    2.603486       8.058062          2.0             1           0    29.354300    0.232807            6.732662            6.732662            6.561053            6.561053      1.729816     1556.834604  39367.890224    4.742359       6.408087          2.0             0           0    53.470103
2         0    2  45.10   8.623630    2.941520            8.284479            8.284479            8.284479            8.284479      3.280671     2952.604034  70882.000000    2.872872       8.523604          2.0             0           0    32.391633    0.232807            6.954891            6.954891            6.782335            6.782335      1.974076     1776.668325  41144.558549    4.684336       6.348421          2.0             0           0    52.815891
3         0    3  45.10   9.270610    2.941520           10.173394           10.173394           10.173394           10.173394      2.038736     1834.862672  70882.000000    3.662046      10.384849          2.0             0           0    41.289567    0.232807            7.200239            7.200239            7.034863            7.034863      3.582792     3224.512738  44369.071287    4.785338       6.452282          2.0             0           0    53.954690
4         0    4  38.61  12.183835    2.941520           10.351624           10.351624           10.351624           10.351624      4.773731     4296.357477  70882.000000    3.658371      10.372016          2.0             0           0    35.312425    0.232807            7.591870            7.591870            7.493182            7.493182      3.111641     2800.476517  47169.547804    4.897866       6.567994          2.0             0           0    47.276652
5         0    5  38.61  14.033228    2.941520           10.582253           10.582253           10.582253           10.582253      6.392495     5753.245734  70882.000000    3.728928      10.618386          2.0             0           0    35.993473    0.232807            8.129958            8.129958            7.891231            7.891231      2.959962     2663.966039  49833.513843    5.002716       6.675811          2.0             0           0    48.288713
6         0    6  38.61  11.586181    2.941520           10.411077           10.411077           10.411077           10.411077      4.116623     3704.960948  70882.000000    3.694869      10.499461          2.0             0           0    35.664723    0.232807            8.678347            8.678347            8.320531            8.320531      2.411736     2170.562528  52004.076371    5.180148       6.858265          2.0             0           0    50.001379
7         0    7  38.61   6.387858    2.941520           10.319431           10.319431           10.319431           10.319431     -0.990054     -891.048636  69990.951364    3.650615      10.344933          2.0             0           0    35.237559    0.232807            9.160529            9.160529            8.704225            8.704225      1.873515     1686.163710  53690.240081    5.382614       7.066462          2.0             0           0    51.955683
8         0    8  38.38   4.622505    2.941520            9.839516            9.839516            9.839516            9.839516     -2.275492    -2047.942892  67943.008471    3.456802       9.668177          2.0             0           0    33.168015    0.232807            9.573571            9.573571            9.002291            9.002291      0.898693      808.823917  54499.063998    5.405666       7.090166          2.0             0           0    51.867369
9         0    9  38.38   4.217856    2.941520            9.645145            9.645145            9.645145            9.645145     -2.485769    -2237.192429  65705.816043    3.429249       9.571969          2.0             0           0    32.903646    0.232807            9.893045            9.893045            9.145268            9.145268      0.659507      593.556600  55092.620598    6.056108       8.553122          3.0             1           0    58.108358
10        0   10  38.38   3.796307    2.941520            9.632435            9.632435            9.632435            9.632435     -2.894609    -2605.147948  63100.668095    3.429249       9.571969          2.0             0           0    32.903646    0.232807           10.150769           10.150769            9.250192            9.250192      0.554583      499.125035  55591.745634    6.416741       8.958833          3.0             0           0    61.568626
11        0   11  38.38   3.710856    2.941520            9.076336            9.076336            9.076336            9.076336     -2.423960    -2181.564441  60919.103654    3.170624       9.038165          2.0             0           0    30.422133    0.232807           10.337710           10.337710            9.338423            9.338423     -0.067451      -60.706259  55531.039375    6.651859       9.223342          3.0             0           0    63.824592
12        0   12  37.23   6.032582    2.941520            8.932178            8.932178            8.932178            8.932178      0.041924       37.731180  60956.834834    3.119595       8.949980          2.0             0           0    29.035632    0.232807           10.478952           10.478952            9.327692            9.327692     -0.144905     -130.414610  55400.624765    6.738264       9.320547          3.0             0           0    62.716392
13        0   13  37.23   8.147335    2.941520            8.948034            8.948034            8.948034            8.948034      2.140821     1926.738701  62883.573535    3.154367       9.010071          2.0             0           0    29.359273    0.232807           10.543137           10.543137            9.304638            9.304638     -0.061760      -55.584138  55345.040628    6.793708       9.382922          3.0             0           0    63.232440
14        0   14  37.23   3.987518    2.941520            9.049103            9.049103            9.049103            9.049103     -2.120066    -1908.059530  60975.514005    3.169226       9.035750          2.0             0           0    29.497575    0.232807           10.593944           10.593944            9.294812            9.294812     -0.026255      -23.629906  55321.410721    6.871628       9.470581          3.0             0           0    63.957676
15        0   15  37.23   3.440220    2.941520            9.145729            9.145729            9.145729            9.145729     -2.763989    -2487.590411  58487.923594    3.196142       9.082266          2.0             0           0    29.748096    0.232807           10.621102           10.621102            9.290635            9.290635      0.024437       21.993062  55343.403784    6.810097       9.401359          3.0             0           0    63.384974
16        0   16  37.10   8.216413    2.941520            9.420580            9.420580            9.420580            9.420580      1.737352     1563.616563  60051.540157    3.357909       9.361823          2.0             0           0    31.144606    0.232807           10.651671           10.651671            9.294523            9.294523      0.300107      270.096093  55613.499877    6.839646       9.434601          3.0             0           0    63.437712
17        0   17  37.10  13.790253    2.941520            9.350364            9.350364            9.350364            9.350364      7.381409     6643.268210  66694.808367    3.308593       9.276597          2.0             0           0    30.687199    0.232807           10.675501           10.675501            9.342268            9.342268      0.167136      150.422036  55763.921913    6.616202       9.183227          3.0             0           0    61.365274
18        0   18  37.10  12.616048    2.941520            9.771682            9.771682            9.771682            9.771682      5.785886     5207.297379  70882.000000    3.460480       9.681022          2.0             0           0    32.095956    0.232807           10.716371           10.716371            9.368859            9.368859      0.544970      490.472564  56254.394477    6.871364       9.470285          3.0             0           0    63.731905
19        0   19  37.10  10.798866    2.941520           10.207249           10.207249           10.207249           10.207249      3.533137     3179.823106  70882.000000    3.672147      10.420120          2.0             0           0    34.059163    0.232807           10.791508           10.791508            9.455560            9.455560      1.197366     1077.629167  57332.023644    6.821330       9.413996          3.0             0           0    63.267834
20        0   20  37.68  12.278453    2.941520           11.055848           11.055848           11.055848           11.055848      4.164125     3747.712179  70882.000000    3.971669      11.465991          2.0             0           0    37.413121    0.232807           10.884079           10.884079            9.646055            9.646055      2.052743     1847.468830  58343.000000    6.873800       9.473025          3.0             0           0    64.751197
21        0   21  37.68  14.176420    2.941520           11.298732           11.298732           11.298732           11.298732      5.819207     5237.286636  70882.000000    3.972001      11.467152          2.0             0           0    37.416253    0.232807           10.956358           10.956358            9.824767            9.824767      1.875192     1687.673056  58343.000000    6.985953       9.599197          3.0             0           0    65.807673
22        0   22  37.68  13.661918    2.941520           11.872633           11.872633           11.872633           11.872633      4.730805     4257.724334  70882.000000    4.176874      12.182527          2.0             0           0    39.346153    0.232807           10.771005           10.771005            9.824767            9.824767      2.590567     2331.510386  58343.000000    7.009223       9.625376          3.0             0           0    66.026885
23        0   23  37.68   8.744010    2.941520           11.655882           11.655882           11.655882           11.655882      0.029647       26.682659  70882.000000    4.081425      11.849237          2.0             0           0    38.447019    0.232807           10.904741           10.904741            9.824767            9.824767      2.257276     2031.548845  58343.000000    7.101013       9.728640          3.0             0           0    66.891544
24        0   24  40.10   9.885160    2.941520           11.864472           11.864472           11.864472           11.864472      0.962207      865.986337  70882.000000    4.161850      12.130065          2.0             0           0    41.722543    0.232807           10.781261           10.781261            9.824767            9.824767      2.538105     2284.294703  58343.000000    7.083085       9.708470          3.0             0           0    71.007923
25        0   25  40.10  13.222856    2.941520           11.601945           11.601945           11.601945           11.601945      4.562431     4106.187550  70882.000000    4.044432      11.720066          2.0             0           0    40.545430    0.232807           10.915056           10.915056            9.824767            9.824767      2.128106     1915.295060  58343.000000    6.768767       9.354862          3.0             0           0    67.856885
26        0   26  40.10  14.075938    2.941520           11.514587           11.514587           11.514587           11.514587      5.502870     4952.583249  70882.000000    4.013583      11.612347          2.0             0           0    40.236169    0.232807           10.777850           10.777850            9.824767            9.824767      2.020387     1818.348127  58343.000000    5.941243       8.423898          3.0             0           0    59.560960
27        0   27  40.10  10.066703    2.941520           11.548112           11.548112           11.548112           11.548112      1.460111     1314.099760  70882.000000    4.037586      11.696161          2.0             0           0    40.476799    0.232807           10.904748           10.904748            9.824767            9.824767      2.104201     1893.780501  58343.000000    5.941243       8.423898          3.0             0           0    59.560960
28        0   28  42.01   7.826546    2.941520           11.641810           11.641810           11.641810           11.641810     -0.873745     -786.370068  70095.629932    4.082989      11.854701          2.0             0           0    42.881596    0.232807           10.771036           10.771036            9.824767            9.824767      2.262741     2036.466653  58343.000000    5.941243       8.423898          3.0             0           0    62.397904
29        0   29  42.01   8.109395    2.941520           11.757666           11.757666           11.757666           11.757666     -0.706751     -636.076239  69459.553694    4.107855      11.941526          2.0             0           0    43.142745    0.232807           10.897911           10.897911            9.824767            9.824767      2.349566     2114.609166  58343.000000    5.941243       8.423898          3.0             0           0    62.397904
30        0   30  42.01   6.656182    2.941520           10.716197           10.716197           10.716197           10.716197     -1.118495    -1006.645514  68452.908180    3.615509      10.222352          2.0             0           0    37.971886    0.232807           10.788151           10.788151            9.824767            9.824767      0.630392      567.352887  58343.000000    5.941243       8.423898          3.0             0           0    62.397904
31        0   31  42.01   5.591056    2.941520            9.113167            9.113167            9.113167            9.113167     -0.580592     -522.532793  67930.375387    3.114126       8.940528          2.0             0           0    32.706108    0.232807           10.921901           10.921901            9.824767            9.824767     -0.651432     -586.288430  57756.711570    5.941243       8.423898          3.0             0           0    62.397904
32        0   32  45.88   3.452885    2.941520            8.764022            8.764022            8.764022            8.764022     -2.369618    -2132.656474  65797.718913    3.062910       8.852019          2.0             0           0    35.131579    0.232807           10.709595           10.709595            9.721127            9.721127     -0.636302     -572.671370  57184.040200    5.941243       8.423898          3.0             0           0    68.146056
33        0   33  45.88   2.203083    2.941520            7.465449            7.465449            7.465449            7.465449     -2.320846    -2088.761094  63708.957820    2.593088       8.040094          2.0             0           0    29.742722    0.232807           10.685704           10.685704            9.619895            9.619895     -1.346995    -1212.295186  55971.745014    5.941243       8.423898          3.0             0           0    68.146056
34        0   34  45.88   2.185950    2.941520            6.219560            6.219560            6.219560            6.219560     -1.092091     -982.881470  62726.076350    2.116132       5.883852          1.0             0           0    24.272035    0.232807           10.634700           10.634700            9.405596            9.405596     -3.288938    -2960.043817  53011.701197    5.985729       8.473946          3.0             0           0    68.656317
35        0   35  45.88   2.187085    2.941520            5.728680            5.728680            5.728680            5.728680     -0.600076     -540.068479  62186.007871    2.036429       5.662960          1.0             0           0    23.357840    0.232807           10.495907           10.495907            8.882344            8.882344     -2.986578    -2687.919791  50323.781406    6.741054       9.323686          3.0             0           0    77.319889
36        0   36  47.14   2.181850    2.941520            6.223150            6.223150            6.223150            6.223150     -1.099781     -989.803229  61196.204642    2.150181       6.030959          1.5             0           1    25.339877    0.232807           10.234094           10.234094            8.407196            8.407196     -2.143430    -1929.087425  48394.693982    7.074965       9.699336          3.0             0           0    83.378467
37        0   37  47.14   2.193167    2.941520            6.577682            6.577682            6.577682            6.577682     -1.442995    -1298.695822  59897.508820    2.286023       7.111234          1.5             0           1    26.940786    0.232807            9.985224            9.985224            8.066188            8.066188     -0.722148     -649.933091  47744.760891    6.917495       9.522181          3.0             0           0    81.522674
38        0   38  47.14   2.173118    2.941520            6.842411            6.842411            6.842411            6.842411     -1.727773    -1554.996040  58342.512780    2.358049       7.633910          2.0             1           0    27.789608    0.232807            9.716318            9.716318            7.972989            7.972989     -0.106272      -95.645107  47649.115784    6.407360       8.948280          3.0             0           0    75.510740
39        0   39  47.14   2.205410    2.941520            6.714598            6.714598            6.714598            6.714598     -1.567669    -1410.901751  56931.611029    2.342859       7.563212          1.5             0           1    27.610593    0.232807            9.518471            9.518471            7.959394            7.959394     -0.163376     -147.038321  47502.077463    6.068053       8.566560          3.0             0           0    71.512008
40        0   40  41.08   2.190103    2.941520            6.676734            6.676734            6.676734            6.676734     -1.545112    -1390.600391  55541.010638    2.312989       7.325674          1.5             0           1    23.754396    0.232807            9.354506            9.354506            7.938495            7.938495     -0.380014     -342.012920  47160.064543    5.992506       8.481569          3.0             0           0    61.543034
41        0   41  41.08   2.189105    2.941520            6.331570            6.331570            6.331570            6.331570     -1.200946    -1080.851155  54460.159484    2.219977       6.586008          1.5             0           1    22.799165    0.232807            9.220474            9.220474            7.889883            7.889883     -1.071068     -963.960854  46196.103689    5.838167       8.307938          3.0             0           0    59.957972
42        0   42  41.08   2.171474    2.941520            6.167392            6.167392            6.167392            6.167392     -1.054398     -948.958180  53511.201304    2.160641       6.114145          1.5             0           1    22.189783    0.232807            9.106309            9.106309            7.752869            7.752869     -1.405917    -1265.325648  44930.778041    5.755081       8.214467          3.0             0           0    59.104686
43        0   43  41.08   2.179996    2.941520            4.932568            4.932568            4.932568            4.932568      0.188948      170.053127  53681.254431    1.664192       4.784499          1.0             0           0    17.091248    0.232807            8.989649            8.989649            7.573021            7.573021     -2.555715    -2300.143632  42630.634409    5.672557       8.121626          3.0             0           0    58.257157
44        0   44  37.15   2.172836    2.941520            4.204659            4.204659            4.204659            4.204659      0.909696      818.726815  54499.981246    1.495453       4.522287          1.0             0           0    13.889019    0.232807            8.864384            8.864384            7.246088            7.246088     -2.490995    -2241.895345  40388.739064    5.637776       8.082498          3.0             0           0    52.360841
45        0   45  37.15   2.178109    2.941520            5.250782            5.250782            5.250782            5.250782     -0.131153     -118.038044  54381.943203    1.844165       5.130114          1.0             0           0    17.127682    0.232807            8.588580            8.588580            6.927434            6.927434     -1.564513    -1408.061996  38980.677067    5.510747       7.198221          2.0             0           0    51.181066
46        0   46  37.15   2.179457    2.941520            5.747517            5.747517            5.747517            5.747517     -0.626540     -563.886209  53818.056994    1.988633       5.530497          1.0             0           0    18.469428    0.232807            8.237861            8.237861            6.727298            6.727298     -0.963995     -867.595156  38113.081911    5.304280       6.985911          2.0             0           0    49.263502
47        0   47  37.15   2.181554    2.941520            5.528641            5.528641            5.528641            5.528641     -0.405568     -365.011189  53453.045805    1.993306       5.543448          1.0             0           0    18.512828    0.232807            7.994713            7.994713            6.603982            6.603982     -0.827727     -744.954702  37368.127209    5.087938       6.763445          2.0             0           0    47.254222
48        0   48  33.89   2.165080    2.941520            5.185412            5.185412            5.185412            5.185412     -0.078813      -70.931433  53382.114371    1.854154       5.157799          1.0             0           0    15.709323    0.232807            7.822729            7.822729            6.498097            6.498097     -1.107491     -996.741751  36371.385458    4.853258       6.522123          2.0             0           0    41.119226
49        0   49  33.89   2.172178    2.941520            4.911313            4.911313            4.911313            4.911313      0.202385      182.146741  53564.261112    1.771448       4.951172          1.0             0           0    15.008597    0.232807            7.693401            7.693401            6.356424            6.356424     -1.172446    -1055.201107  35316.184351    4.828612       6.496780          2.0             0           0    40.910412
50        0   50  33.89   2.160027    2.941520            4.891590            4.891590            4.891590            4.891590      0.209957      188.961042  53753.222154    1.717962       4.868056          1.0             0           0    14.555434    0.232807            7.585412            7.585412            6.206442            6.206442     -1.105579     -995.021262  34321.163089    4.823412       6.491433          2.0             0           0    40.866357
51        0   51  33.89   2.154259    2.941520            5.054253            5.054253            5.054253            5.054253      0.041525       37.372508  53790.594662    1.737290       4.898091          1.0             0           0    14.719190    0.232807            7.446325            7.446325            6.065014            6.065014     -0.934116     -840.704562  33480.458527    4.746641       6.412489          2.0             0           0    40.215917
52        0   52  23.70   2.139698    2.941520            5.301159            5.301159            5.301159            5.301159     -0.219942     -197.947864  53592.646798    1.829962       5.090752          1.0             0           0    10.842525    0.232807            7.331345            7.331345            5.945519            5.945519     -0.621961     -559.764796  32920.693731    4.648479       6.311549          2.0             0           0    27.542236
53        0   53  23.70   2.142523    2.941520            5.470735            5.470735            5.470735            5.470735     -0.386693     -348.023493  53244.623305    1.923783       5.350769          1.0             0           0    11.398412    0.232807            7.228516            7.228516            5.865957            5.865957     -0.282381     -254.142915  32666.550816    4.550851       6.211158          2.0             0           0    26.963791
54        0   54  23.70   2.146501    2.941520            5.747822            5.747822            5.747822            5.747822     -0.659802     -593.821957  52650.801348    2.009842       5.589277          1.0             0           0    11.908316    0.232807            7.137680            7.137680            5.829834            5.829834     -0.007750       -6.975050  32659.575766    4.436146       6.093206          2.0             0           0    26.284163
55        0   55  23.70   2.148880    2.941520            5.846144            5.846144            5.846144            5.846144     -0.755744     -680.169613  51970.631735    2.049070       5.697995          1.0             0           0    12.140741    0.232807            7.055789            7.055789            5.828842            5.828842      0.101959       91.762935  32751.338701    4.351990       6.006669          2.0             0           0    25.785540
56        0   56  16.79   2.142952    2.941520            5.760836            5.760836            5.760836            5.760836     -0.676364     -608.728019  51361.903716    2.034795       5.658432          1.0             0           0     8.541052    0.232807            7.019217            7.019217            5.841885            5.841885      0.049353       44.417793  32795.756494    4.294911       5.947975          2.0             0           0    18.027891
57        0   57  16.79   2.137433    2.941520            5.487137            5.487137            5.487137            5.487137     -0.408184     -367.365523  50994.538193    1.977146       5.498661          1.0             0           0     8.299069    0.232807            6.999574            6.999574            5.848199            5.848199     -0.116731     -105.058171  32690.698323    4.265098       5.917318          2.0             0           0    17.902749
58        0   58  16.79   2.138787    2.941520            5.159990            5.159990            5.159990            5.159990     -0.079683      -71.714985  50922.823208    1.853548       5.156118          1.0             0           0     7.780267    0.232807            7.010795            7.010795            5.833266            5.833266     -0.444341     -399.907038  32290.791285    4.282278       5.934984          2.0             0           0    17.974863
59        0   59  16.79   2.146088    2.941520            5.020830            5.020830            5.020830            5.020830      0.066778       60.100180  50982.923388    1.772527       4.952847          1.0             0           0     7.440181    0.232807            7.013600            7.013600            5.776425            5.776425     -0.590771     -531.693824  31759.097461    4.260896       5.912997          2.0             0           0    17.885112
60        0   60   9.17   2.144085    2.941520            5.101690            5.101690            5.101690            5.101690     -0.016086      -14.477092  50968.446296    1.784762       4.971861          1.0             0           0     4.091568    0.232807            6.996769            6.996769            5.700852            5.700852     -0.496185     -446.566341  31312.531119    4.272471       5.924900          2.0             0           0     9.794640
61        0   61   9.17   2.145651    2.941520            5.083333            5.083333            5.083333            5.083333      0.003837        3.453353  50971.899649    1.802300       5.014087          1.0             0           0     4.131772    0.232807            6.974337            6.974337            5.637379            5.637379     -0.390485     -351.436545  30961.094574    4.182809       5.832700          2.0             0           0     9.589089
62        0   62   9.17   2.126327    2.941520            5.289969            5.289969            5.289969            5.289969     -0.222122     -199.909675  50771.989975    1.842871       5.126528          1.0             0           0     4.224781    0.232807            6.937977            6.937977            5.587427            5.587427     -0.228093     -205.283883  30755.810692    4.163076       5.812408          2.0             0           0     9.543851
63        0   63   9.17   2.109024    2.941520            5.390261            5.390261            5.390261            5.390261     -0.339717     -305.745524  50466.244450    1.893999       5.268227          1.0             0           0     4.341994    0.232807            6.915628            6.915628            5.558249            5.558249     -0.057215      -51.493943  30704.316749    4.110005       5.757835          2.0             0           0     9.422186
64        0   64   3.00   2.096580    2.941520            5.532736            5.532736            5.532736            5.532736     -0.494637     -445.173157  50021.071293    1.928815       5.364717          1.0             0           0     1.446611    0.232807            6.887737            6.887737            5.550930            5.550930      0.046593       41.933944  30746.250692    3.973228       5.617188          2.0             0           0     2.979921
65        0   65   3.00   2.099257    2.941520            5.542949            5.542949            5.542949            5.542949     -0.502173     -451.955670  49569.115623    1.954697       5.436445          1.0             0           0     1.466023    0.232807            6.862696            6.862696            5.556890            5.556890      0.112362      101.125556  30847.376248    3.965018       5.608745          2.0             0           0     2.973763
66        0   66   3.00   2.096648    2.941520            5.757457            5.757457            5.757457            5.757457     -0.719289     -647.359699  48921.755924    2.004858       5.575463          1.0             0           0     1.503643    0.232807            6.854349            6.854349            5.571264            5.571264      0.237005      213.304913  31060.681161    3.952431       5.595802          2.0             0           0     2.964323
67        0   67   3.00   2.105963    2.941520            5.727944            5.727944            5.727944            5.727944     -0.680462     -612.415466  48309.340459    2.039231       5.670726          1.0             0           0     1.529423    0.232807            6.829361            6.829361            5.601582            5.601582      0.301951      271.755558  31332.436719    3.957067       5.600569          2.0             0           0     2.967800
68        0   68   7.93   2.099514    2.941520            5.766936            5.766936            5.766936            5.766936     -0.725902     -653.311742  47656.028717    2.032733       5.652716          1.0             0           0     4.029893    0.232807            6.821037            6.821037            5.640208            5.640208      0.245315      220.783120  31553.219839    3.979392       5.623526          2.0             0           0     7.889144
69        0   69   7.93   2.094529    2.941520            5.804704            5.804704            5.804704            5.804704     -0.768655     -691.789471  46964.239246    2.042939       5.681001          1.0             0           0     4.050126    0.232807            6.823812            6.823812            5.671590            5.671590      0.242218      217.996383  31771.216222    3.946373       5.589572          2.0             0           0     7.823685
70        0   70   7.93   2.088448    2.941520            5.771496            5.771496            5.771496            5.771496     -0.741529     -667.375899  46296.863347    2.032920       5.653236          1.0             0           0     4.030264    0.232807            6.829361            6.829361            5.702575            5.702575      0.183468      165.121006  31936.337228    3.948992       5.592265          2.0             0           0     7.828876
71        0   71   7.93   2.093376    2.941520            5.591860            5.591860            5.591860            5.591860     -0.556964     -501.267926  45795.595421    1.989561       5.533069          1.0             0           0     3.944304    0.232807            6.851567            6.851567            5.726044            5.726044      0.039831       35.847772  31972.185000    3.963389       5.607070          2.0             0           0     7.857419
72        0   72  22.69   2.086827    2.941520            5.490264            5.490264            5.490264            5.490264     -0.461918     -415.725756  45379.869664    1.955028       5.437363          1.0             0           0    11.089895    0.232807            6.857131            6.857131            5.731140            5.731140     -0.060970      -54.873426  31917.311574    3.939055       5.582047          2.0             0           0    22.344289
73        0   73  22.69   2.097336    2.941520            5.477129            5.477129            5.477129            5.477129     -0.438274     -394.446502  44985.423162    1.942958       5.403913          1.0             0           0    11.021431    0.232807            6.859914            6.859914            5.723340            5.723340     -0.086620      -77.958440  31839.353134    3.992885       5.637401          2.0             0           0    22.649642
74        0   74  22.69   2.079911    2.941520            4.735358            4.735358            4.735358            4.735358      0.286072      257.465236  45242.888398    1.681102       4.810778          1.0             0           0     9.536054    0.232807            6.857131            6.857131            5.712259            5.712259     -0.668675     -601.807402  31237.545733    4.056193       5.702500          2.0             0           0    23.008754
75        0   75  22.69   2.061506    2.941520            4.177759            4.177759            4.177759            4.177759      0.825267      742.740167  45985.628565    1.477156       4.493854          1.0             0           0     8.379169    0.232807            6.865478            6.865478            5.626721            5.626721     -0.900060     -810.054108  30427.491624    4.028123       5.673635          2.0             0           0    22.849525
76        0   76  38.48   2.073723    2.941520            4.230967            4.230967            4.230967            4.230967      0.784276      705.848414  46691.476979    1.390000       4.358417          1.0             0           0    13.371799    0.232807            6.785056            6.785056            5.511583            5.511583     -0.920359     -828.323507  29599.168117    4.100089       5.747639          2.0             0           0    39.442855
77        0   77  38.48   2.094665    2.941520            4.221630            4.221630            4.221630            4.221630      0.814555      733.099262  47424.576242    1.400196       4.374262          1.0             0           0    13.469887    0.232807            6.661079            6.661079            5.393849            5.393849     -0.786781     -708.102484  28891.065634    4.086895       5.734072          2.0             0           0    39.315933
78        0   78  38.48   2.099982    2.941520            4.164940            4.164940            4.164940            4.164940      0.876561      788.905186  48213.481427    1.386310       4.352683          1.0             0           0    13.336302    0.232807            6.535380            6.535380            5.293202            5.293202     -0.707712     -636.941033  28254.124601    4.011697       5.656745          2.0             0           0    38.592525
79        0   79  38.48   2.123078    2.941520            4.182830            4.182830            4.182830            4.182830      0.881768      793.590925  49007.072352    1.373826       4.333283          1.0             0           0    13.216202    0.232807            6.405350            6.405350            5.202670            5.202670     -0.636580     -572.922198  27681.202403    3.936489       5.579408          2.0             0           0    37.869021
80        0   80  47.97   2.108129    2.941520            4.148550            4.148550            4.148550            4.148550      0.901099      810.988766  49818.061118    1.376990       4.338201          1.0             0           0    16.513558    0.232807            6.287161            6.287161            5.121237            5.121237     -0.550229     -495.206449  27185.995954    3.824837       5.464597          2.0             0           0    45.869360
81        0   81  47.97   2.099186    2.941520            3.998737            3.998737            3.998737            3.998737      1.041969      937.771752  50755.832871    1.320570       4.250526          1.0             0           0    15.836935    0.232807            6.180594            6.180594            5.050850            5.050850     -0.567518     -510.766027  26675.229927    3.671076       5.306483          2.0             0           0    44.025373
82        0   82  47.97   2.087155    2.941520            4.055718            4.055718            4.055718            4.055718      0.972957      875.660930  51631.493800    1.287087       4.198495          1.0             0           0    15.435393    0.232807            6.061661            6.061661            4.978252            4.978252     -0.546950     -492.255330  26182.974597    3.535346       5.166913          2.0             0           0    42.397638
83        0   83  47.97   2.095442    2.941520            4.044560            4.044560            4.044560            4.044560      0.992401      893.161259  52524.655059    1.281641       4.190031          1.0             0           0    15.370075    0.232807            5.954167            5.954167            4.908285            4.908285     -0.485447     -436.902230  25746.072367    3.475994       4.517583          1.0             0           0    41.685859
84        0   84  53.20   2.106257    2.941520            3.911114            3.911114            3.911114            3.911114      1.136662     1022.996176  53547.651235    1.259676       4.155899          1.0             0           0    16.753690    0.232807            5.896841            5.896841            4.846185            4.846185     -0.457480     -411.731578  25334.340789    3.463484       4.510033          1.0             0           0    46.064335
85        0   85  53.20   2.105248    2.941520            3.875817            3.875817            3.875817            3.875817      1.170951     1053.855616  54601.506851    1.207798       4.075284          1.0             0           0    16.063718    0.232807            5.819074            5.819074            4.787664            4.787664     -0.479573     -431.615932  24902.724857    3.440696       4.496282          1.0             0           0    45.761262
86        0   86  53.20   2.113083    2.941520            3.815185            3.815185            3.815185            3.815185      1.239418     1115.476337  55716.983188    1.150738       3.986615          1.0             0           0    15.304820    0.232807            5.744324            5.744324            4.726315            4.726315     -0.506894     -456.204521  24446.520336    2.832598       4.129326          1.0             0           0    37.673551
87        0   87  53.20   2.115065    2.941520            3.877917            3.877917            3.877917            3.877917      1.178668     1060.800976  56777.784164    1.136583       3.964619          1.0             0           0    15.116561    0.232807            5.670013            5.670013            4.661472            4.661472     -0.464047     -417.642197  24028.878139    3.332703       4.431114          1.0             0           0    44.324950
88        0   88  51.48   2.103944    2.941520            3.861451            3.861451            3.861451            3.861451      1.184013     1065.611382  57843.395547    1.167826       4.013168          1.0             0           0    15.029919    0.232807            5.598659            5.598659            4.602110            4.602110     -0.356136     -320.522014  23708.356125    3.288090       4.404192          1.0             0           0    42.317721
89        0   89  51.48   2.105232    2.941520            3.846794            3.846794            3.846794            3.846794      1.199958     1079.961759  58923.357306    1.154753       3.992854          1.0             0           0    14.861672    0.232807            5.545402            5.545402            4.553297            4.553297     -0.327636     -294.872789  23413.483336    3.210620       4.357443          1.0             0           0    41.320685
90        0   90  51.48   2.125468    2.941520            3.936934            3.936934            3.936934            3.936934      1.130054     1017.048173  59940.405478    1.175908       4.025728          1.0             0           0    15.133941    0.232807            5.492358            5.492358            4.501938            4.501938     -0.243404     -219.063403  23194.419933    3.113144       4.298622          1.0             0           0    40.066169
91        0   91  51.48   2.503669    2.941520            3.809667            3.809667            3.809667            3.809667      1.635522     1471.969543  61412.375021    1.184328       4.038812          1.0             0           0    15.242299    0.232807            5.449595            5.449595            4.463784            4.463784     -0.192166     -172.949406  23021.470527    3.072449       4.274064          1.0             0           0    39.542417
92        0   92  48.44   3.454498    2.941520            4.147868            4.147868            4.147868            4.147868      2.248150     2023.334715  63435.709737    1.311833       4.236949          1.0             0           0    15.886297    0.232807            5.409478            5.409478            4.433661            4.433661      0.036094       32.484758  23053.955285    3.237681       4.373773          1.0             0           0    39.208315
93        0   93  48.44   3.533125    2.941520            4.892594            4.892594            4.892594            4.892594      1.582051     1423.845675  64859.555411    1.685208       4.817157          1.0             0           0    20.407866    0.232807            5.394465            5.394465            4.439319            4.439319      0.610645      549.580204  23603.535489    3.184506       4.341685          1.0             0           0    38.564369
94        0   94  48.44   4.870944    2.941520            5.742403            5.742403            5.742403            5.742403      2.070061     1863.054561  66722.609972    2.037489       5.665899          1.0             0           0    24.673994    0.232807            5.364500            5.364500            4.535040            4.535040      1.363665     1227.298695  24830.834184    3.144486       4.317535          1.0             0           0    38.079726
95        0   95  48.44   8.107633    2.941520            7.165029            7.165029            7.165029            7.165029      3.884123     3495.710520  70218.320492    2.537298       7.943681          2.0             1           0    30.726684    0.232807            5.406983            5.406983            4.716097            4.716097      3.460390     3114.351128  27945.185311    3.132421       4.310254          1.0             0           0    37.933613
96        0   96  35.95   9.014774    3.461709            7.168329            7.168329            7.168329            7.168329      5.308153     4777.337983  70882.000000    2.502859       7.884164          2.0             0           0    22.494443    0.000000            5.576049            5.576049            5.158758            5.158758      2.725405     2452.864776  30398.050087    3.095343       4.287879          1.0             0           0    27.819392
97        0   97  35.95  13.367933    3.461709            7.092540            7.092540            7.092540            7.092540      9.737102     8763.391762  70882.000000    2.486765       7.856351          2.0             0           0    22.349798    0.000000            5.933695            5.933695            5.507398            5.507398      2.348952     2114.057016  32512.107103    3.110109       4.296790          1.0             0           0    27.952105
98        0   98  35.95  12.017975    3.461709            7.937271            7.937271            7.937271            7.937271      7.542413     6788.171884  70882.000000    2.738949       8.292164          2.0             0           0    24.616304    0.000000            6.282112            6.282112            5.807882            5.807882      2.484282     2235.854207  34747.961309    3.190792       4.345478          1.0             0           0    28.677243

