==== Solution details ====

Solved river basin instance between 2020-12-01 05:45 and 2020-12-02 05:30.
The instance was solved at 2023-05-15 23:10 with the PSO algorithm.

---- Solver configuration ----

Configuration:
{
  "volume_objectives": {
    "dam1": 59627.42324,
    "dam2": 31010.43613642857
  },
  "volume_shortage_penalty": 3,
  "volume_exceedance_bonus": 0.1,
  "startups_penalty": 50,
  "limit_zones_penalty": 50,
  "use_relvars": false,
  "max_relvar": 1,
  "flow_smoothing": 0,
  "mode": "linear"
}

Parameters and other information:
{}

---- Objective function ----

Objective function values:
{
  "income": 1255.3873714278732,
  "startups": 1.0,
  "times_in_limit": 20.0,
  "dam1_shortage": 0.0,
  "dam1_exceedance": 10111.433948636324,
  "dam2_shortage": 0.0,
  "dam2_exceedance": 26689.063863571402
}

Objective function (to maximize):
3885.4371526486466

---- River basin history ----

   scenario time  price  incoming  dam1_unreg  dam1_flow_assigned  dam1_flow_smoothed  dam1_flow_clipped1  dam1_flow_clipped2  dam1_netflow  dam1_volchange      dam1_vol  dam1_power  dam1_turbined  dam1_groups dam1_startups dam1_limits  dam1_income  dam2_unreg  dam2_flow_assigned  dam2_flow_smoothed  dam2_flow_clipped1  dam2_flow_clipped2  dam2_netflow  dam2_volchange      dam2_vol  dam2_power  dam2_turbined  dam2_groups dam2_startups dam2_limits  dam2_income
0         0    0  38.98  1.716063         0.0             1.43000             1.43000             1.43000             1.43000      0.286063      257.457018  58244.595196    0.572395       3.087894          1.0             0           0     5.577988         0.0            2.380640            2.380640            2.380640            2.380640      0.707254      636.528385  18099.695817    0.788630       2.895897          1.0             0           0     7.685196
1         0    1  46.36  1.722484         0.0             1.43000             1.43000             1.43000             1.43000      0.292484      263.235552  58507.830748    0.000000       1.430000          1.0             0           0     0.000000         0.0            2.380640            2.380640            2.380640            2.380640     -0.950640     -855.576447  17244.119370    0.770509       2.884962          1.0             0           0     8.930197
2         0    2  46.36  1.715182         0.0             1.43000             1.43000             1.43000             1.43000      0.285182      256.663534  58764.494282    0.000000       1.430000          1.0             0           0     0.000000         0.0            2.380640            2.380640            2.380640            1.571244     -0.141244     -127.119370  17117.000000    0.755610       2.875971          1.0             0           0     8.757518
3         0    3  46.36  1.712510         0.0             1.43000             1.43000             1.43000             1.43000      0.282510      254.259294  59018.753576    0.000000       1.430000          1.0             0           0     0.000000         0.0            0.000000            0.000000            0.000000            0.000000      1.430000     1287.000000  18404.000000    0.474549       2.706366          1.0             0           0     5.500023
4         0    4  46.36  1.714548         0.0             1.43000             1.43000             1.43000             1.43000      0.284548      256.093175  59274.846751    0.000000       1.430000          1.0             0           0     0.000000         0.0            0.000000            0.000000            0.000000            0.000000      1.430000     1287.000000  19691.000000    0.202002       2.541898          1.0             0           0     2.341201
5         0    5  55.00  1.711874         0.0             1.43000             1.43000             1.43000             1.43000      0.281874      253.687003  59528.533755    0.000000       1.430000          1.0             0           0     0.000000         0.0            0.000000            0.000000            0.000000            0.000000      1.430000     1287.000000  20978.000000    0.000000       2.110842          0.0             0           0     0.000000
6         0    6  55.00  1.718184         0.0             1.43000             1.43000             1.43000             1.43000      0.288184      259.365494  59787.899248    0.000000       1.430000          1.0             0           0     0.000000         0.0            0.000000            0.000000            0.000000            0.000000      1.430000     1287.000000  22265.000000    0.000000       1.317295          0.0             0           0     0.000000
7         0    7  55.00  1.703152         0.0             1.43000             1.43000             1.43000             1.43000      0.273152      245.837078  60033.736327    0.000000       1.430000          1.0             0           0     0.000000         0.0            0.000000            0.000000            0.000000            0.000000      1.430000     1287.000000  23552.000000    0.000000       0.523748          0.0             0           0     0.000000
8         0    8  55.00  1.696537         0.0             1.43000             1.43000             1.43000             1.43000      0.266537      239.883045  60273.619371    0.000000       1.430000          1.0             0           0     0.000000         0.0            0.000000            0.000000            0.000000            0.000000      1.430000     1287.000000  24839.000000    0.000000       0.000000          0.0             0           0     0.000000
9         0    9  58.03  1.699367         0.0             1.43000             1.43000             1.43000             1.43000      0.269367      242.430005  60516.049377    0.000000       1.430000          1.0             0           0     0.000000         0.0            0.000000            0.000000            0.000000            0.000000      1.430000     1287.000000  26126.000000    0.000000       0.000000          0.0             0           0     0.000000
10        0   10  58.03  1.704904         0.0             1.43000             1.43000             1.43000             1.43000      0.274904      247.413175  60763.462552    0.000000       1.430000          1.0             0           0     0.000000         0.0            0.000000            0.000000            0.000000            0.000000      1.430000     1287.000000  27413.000000    0.000000       0.000000          0.0             0           0     0.000000
11        0   11  58.03  1.710453         0.0             1.43000             1.43000             1.43000             1.43000      0.280453      252.407336  61015.869888    0.000000       1.430000          1.0             0           0     0.000000         0.0            0.000000            0.000000            0.000000            0.000000      1.430000     1287.000000  28700.000000    0.000000       0.000000          0.0             0           0     0.000000
12        0   12  58.03  1.725923         0.0             1.43000             1.43000             1.43000             1.43000      0.295923      266.330440  61282.200328    0.000000       1.430000          1.0             0           0     0.000000         0.0            0.000000            0.000000            0.000000            0.000000      1.430000     1287.000000  29987.000000    0.000000       0.000000          0.0             0           0     0.000000
13        0   13  57.75  1.716043         0.0             1.43000             1.43000             1.43000             1.43000      0.286043      257.438509  61539.638836    0.000000       1.430000          1.0             0           0     0.000000         0.0            0.000000            0.000000            0.000000            0.000000      1.430000     1287.000000  31274.000000    0.000000       0.000000          0.0             0           0     0.000000
14        0   14  57.75  1.709269         0.0             1.43000             1.43000             1.43000             1.43000      0.279269      251.342530  61790.981366    0.000000       1.430000          1.0             0           0     0.000000         0.0            0.000000            0.000000            0.000000            0.000000      1.430000     1287.000000  32561.000000    0.000000       0.000000          0.0             0           0     0.000000
15        0   15  57.75  1.706108         0.0             1.43000             1.43000             1.43000             1.43000      0.276108      248.497486  62039.478852    0.000000       1.430000          1.0             0           0     0.000000         0.0            0.000000            0.000000            0.000000            0.000000      1.430000     1287.000000  33848.000000    0.000000       0.000000          0.0             0           0     0.000000
16        0   16  57.75  1.705775         0.0             1.43000             1.43000             1.43000             1.43000      0.275775      248.197351  62287.676203    0.000000       1.430000          1.0             0           0     0.000000         0.0            0.000000            0.000000            0.000000            0.000000      1.430000     1287.000000  35135.000000    0.000000       0.000000          0.0             0           0     0.000000
17        0   17  55.84  1.698334         0.0             1.43000             1.43000             1.43000             1.43000      0.268334      241.500346  62529.176549    0.000000       1.430000          1.0             0           0     0.000000         0.0            0.000000            0.000000            0.000000            0.000000      1.430000     1287.000000  36422.000000    0.000000       0.000000          0.0             0           0     0.000000
18        0   18  55.84  1.691015         0.0             1.43000             1.43000             1.43000             1.43000      0.261015      234.913521  62764.090070    0.000000       1.430000          1.0             0           0     0.000000         0.0            0.000000            0.000000            0.000000            0.000000      1.430000     1287.000000  37709.000000    0.000000       0.000000          0.0             0           0     0.000000
19        0   19  55.84  1.687190         0.0             1.43000             1.43000             1.43000             1.43000      0.257190      231.471056  62995.561126    0.000000       1.430000          1.0             0           0     0.000000         0.0            0.000000            0.000000            0.000000            0.000000      1.430000     1287.000000  38996.000000    0.000000       0.000000          0.0             0           0     0.000000
20        0   20  55.84  1.700962         0.0             1.43000             1.43000             1.43000             1.43000      0.270962      243.865693  63239.426819    0.000000       1.430000          1.0             0           0     0.000000         0.0            0.000000            0.000000            0.000000            0.000000      1.430000     1287.000000  40283.000000    0.000000       0.000000          0.0             0           0     0.000000
21        0   21  55.01  1.696635         0.0             1.43000             1.43000             1.43000             1.43000      0.266635      239.971487  63479.398306    0.000000       1.430000          1.0             0           0     0.000000         0.0            0.000000            0.000000            0.000000            0.000000      1.430000     1287.000000  41570.000000    0.000000       0.000000          0.0             0           0     0.000000
22        0   22  55.01  1.706543         0.0             1.43000             1.43000             1.43000             1.43000      0.276543      248.889067  63728.287373    0.000000       1.430000          1.0             0           0     0.000000         0.0            0.000000            0.000000            0.000000            0.000000      1.430000     1287.000000  42857.000000    0.000000       0.000000          0.0             0           0     0.000000
23        0   23  55.01  1.702309         0.0             1.43000             1.43000             1.43000             1.43000      0.272309      245.078228  63973.365601    0.000000       1.430000          1.0             0           0     0.000000         0.0            0.000000            0.000000            0.000000            0.000000      1.430000     1287.000000  44144.000000    0.000000       0.000000          0.0             0           0     0.000000
24        0   24  55.01  1.696240         0.0             1.43000             1.43000             1.43000             1.43000      0.266240      239.616109  64212.981709    0.000000       1.430000          1.0             0           0     0.000000         0.0            0.000000            0.000000            0.000000            0.000000      1.430000     1287.000000  45431.000000    0.000000       0.000000          0.0             0           0     0.000000
25        0   25  54.23  1.702308         0.0             1.43000             1.43000             1.43000             1.43000      0.272308      245.077071  64458.058780    0.000000       1.430000          1.0             0           0     0.000000         0.0            0.000000            0.000000            0.000000            0.000000      1.430000     1287.000000  46718.000000    0.000000       0.000000          0.0             0           0     0.000000
26        0   26  54.23  1.719046         0.0             1.43000             1.43000             1.43000             1.43000      0.289046      260.141514  64718.200293    0.000000       1.430000          1.0             0           0     0.000000         0.0            0.000000            0.000000            0.000000            0.000000      1.430000     1287.000000  48005.000000    0.000000       0.000000          0.0             0           0     0.000000
27        0   27  54.23  1.702772         0.0             1.43000             1.43000             1.43000             1.43000      0.272772      245.495222  64963.695515    0.000000       1.430000          1.0             0           0     0.000000         0.0            0.000000            0.000000            0.000000            0.000000      1.430000     1287.000000  49292.000000    0.000000       0.000000          0.0             0           0     0.000000
28        0   28  54.23  1.698546         0.0             1.43000             1.43000             1.43000             1.43000      0.268546      241.691790  65205.387305    0.000000       1.430000          1.0             0           0     0.000000         0.0            0.000000            0.000000            0.000000            0.000000      1.430000     1287.000000  50579.000000    0.000000       0.000000          0.0             0           0     0.000000
29        0   29  54.22  1.695975         0.0             1.43000             1.43000             1.43000             1.43000      0.265975      239.377616  65444.764921    0.000000       1.430000          1.0             0           0     0.000000         0.0            0.000000            0.000000            0.000000            0.000000      1.430000     1287.000000  51866.000000    0.000000       0.000000          0.0             0           0     0.000000
30        0   30  54.22  1.712328         0.0             1.43000             1.43000             1.43000             1.43000      0.282328      254.095385  65698.860306    0.000000       1.430000          1.0             0           0     0.000000         0.0            0.000000            0.000000            0.000000            0.000000      1.430000     1287.000000  53153.000000    0.000000       0.000000          0.0             0           0     0.000000
31        0   31  54.22  1.710318         0.0             1.43000             1.43000             1.43000             1.43000      0.280318      252.286161  65951.146467    0.000000       1.430000          1.0             0           0     0.000000         0.0            0.000000            0.000000            0.000000            0.000000      1.430000     1287.000000  54440.000000    0.000000       0.000000          0.0             0           0     0.000000
32        0   32  54.22  1.704362         0.0             1.43000             1.43000             1.43000             1.43000      0.274362      246.925524  66198.071991    0.000000       1.430000          1.0             0           0     0.000000         0.0            0.000000            0.000000            0.000000            0.000000      1.430000     1287.000000  55727.000000    0.000000       0.000000          0.0             0           0     0.000000
33        0   33  51.10  1.697914         0.0             1.43000             1.43000             1.43000             1.43000      0.267914      241.122279  66439.194270    0.000000       1.430000          1.0             0           0     0.000000         0.0            0.703333            0.703333            0.703333            0.703333      0.726667      654.000000  56381.000000    0.000000       0.000000          0.0             0           0     0.000000
34        0   34  51.10  1.703363         0.0             1.43000             1.43000             1.43000             1.43000      0.273363      246.026637  66685.220907    0.000000       1.430000          1.0             0           0     0.000000         0.0            0.703333            0.703333            0.703333            0.703333      0.726667      654.000000  57035.000000    0.000000       0.000000          0.0             0           0     0.000000
35        0   35  51.10  1.696128         0.0             1.43000             1.43000             1.43000             1.43000      0.266128      239.515294  66924.736201    0.000000       1.430000          1.0             0           0     0.000000         0.0            0.703333            0.703333            0.703333            0.703333      0.726667      654.000000  57689.000000    0.000000       0.000000          0.0             0           0     0.000000
36        0   36  51.10  1.687047         0.0             1.43000             1.43000             1.43000             1.43000      0.257047      231.342630  67156.078831    0.000000       1.430000          1.0             0           0     0.000000         0.0            0.703333            0.703333            0.703333            0.703333      0.726667      654.000000  58343.000000    0.000000       0.234444          0.0             0           0     0.000000
37        0   37  50.14  1.695246         0.0             1.43000             1.43000             1.43000             1.43000      0.265246      238.721057  67394.799888    0.000000       1.430000          1.0             0           0     0.000000         0.0            4.520000            4.520000            4.520000            4.520000     -3.090000    -2781.000000  55562.000000    0.000000       0.468889          0.0             0           0     0.000000
38        0   38  50.14  1.689812         0.0             1.43000             1.43000             1.43000             1.43000      0.259812      233.831026  67628.630914    0.000000       1.430000          1.0             0           0     0.000000         0.0            4.520000            4.520000            4.520000            4.520000     -3.090000    -2781.000000  52781.000000    0.000000       0.703333          0.0             0           0     0.000000
39        0   39  50.14  1.696387         0.0             1.43000             1.43000             1.43000             1.43000      0.266387      239.748655  67868.379569    0.000000       1.430000          1.0             0           0     0.000000         0.0            4.520000            4.520000            4.520000            4.520000     -3.090000    -2781.000000  50000.000000    0.000000       0.703333          0.0             0           0     0.000000
40        0   40  50.14  1.697163         0.0             1.43000             1.43000             1.43000             1.43000      0.267163      240.446806  68108.826374    0.000000       1.430000          1.0             0           0     0.000000         0.0            4.520000            4.520000            4.520000            4.520000     -3.090000    -2781.000000  47219.000000    0.000000       1.975556          0.0             0           0     0.000000
41        0   41  50.97  1.703389         0.0             1.43000             1.43000             1.43000             1.43000      0.273389      246.050241  68354.876615    0.000000       1.430000          1.0             0           0     0.000000         0.0            4.520000            4.520000            4.520000            4.520000     -3.090000    -2781.000000  44438.000000    1.371746       3.247778          1.0             1           0    17.479474
42        0   42  50.97  1.691083         0.0             1.43000             1.43000             1.43000             1.43000      0.261083      234.974948  68589.851564    0.000000       1.430000          1.0             0           0     0.000000         0.0            4.520000            4.520000            4.520000            4.520000     -3.090000    -2781.000000  41657.000000    3.480000       4.520000          1.5             0           1    44.343900
43        0   43  50.97  1.683964         0.0             1.43000             1.43000             1.43000             1.43000      0.253964      228.567313  68818.418877    0.000000       1.430000          1.0             0           0     0.000000         0.0            4.520000            4.520000            4.520000            4.520000     -3.090000    -2781.000000  38876.000000    3.480000       4.520000          1.5             0           1    44.343900
44        0   44  50.97  1.685941         0.0             1.43000             1.43000             1.43000             1.43000      0.255941      230.347175  69048.766051    0.000000       1.430000          1.0             0           0     0.000000         0.0            4.520000            4.520000            4.520000            4.520000     -3.090000    -2781.000000  36095.000000    3.480000       4.520000          1.5             0           1    44.343900
45        0   45  54.51  1.682961         0.0             1.43000             1.43000             1.43000             1.43000      0.252961      227.665037  69276.431089    0.000000       1.430000          1.0             0           0     0.000000         0.0            4.520000            4.520000            4.520000            4.520000     -3.090000    -2781.000000  33314.000000    3.480000       4.520000          1.5             0           1    47.423700
46        0   46  54.51  1.701438         0.0             1.43000             1.43000             1.43000             1.43000      0.271438      244.294117  69520.725206    0.000000       1.430000          1.0             0           0     0.000000         0.0            4.520000            4.520000            4.520000            4.520000     -3.090000    -2781.000000  30533.000000    3.480000       4.520000          1.5             0           1    47.423700
47        0   47  54.51  1.689563         0.0             1.43000             1.43000             1.43000             1.43000      0.259563      233.606953  69754.332159    0.000000       1.430000          1.0             0           0     0.000000         0.0            4.520000            4.520000            4.520000            4.520000     -3.090000    -2781.000000  27752.000000    3.480000       4.520000          1.5             0           1    47.423700
48        0   48  54.51  1.703357         0.0             4.51375             4.51375             4.51375             4.51375     -2.810393    -2529.353639  67224.978520    0.000000       1.430000          1.0             0           0     0.000000         0.0            4.520000            4.520000            4.520000            4.520000     -3.090000    -2781.000000  24971.000000    3.480000       4.520000          1.5             0           1    47.423700
49        0   49  57.58  1.724968         0.0             4.51375             4.51375             4.51375             4.51375     -2.788782    -2509.903532  64715.074988    1.489959       4.513750          1.0             0           0    21.447967         0.0            4.520000            4.520000            4.520000            4.520000     -0.006250       -5.625000  24965.375000    3.480000       4.520000          1.5             0           1    50.094600
50        0   50  57.58  1.695181         0.0             4.51375             4.51375             4.51375             4.51375     -2.818569    -2536.712219  62178.362769    1.489959       4.513750          1.0             0           0    21.447967         0.0            4.520000            4.520000            4.520000            4.520000     -0.006250       -5.625000  24959.750000    3.480000       4.520000          1.5             0           1    50.094600
51        0   51  57.58  1.683628         0.0             4.51375             4.51375             4.51375             4.51375     -2.830122    -2547.109424  59631.253344    1.489959       4.513750          1.0             0           0    21.447967         0.0            4.520000            4.520000            4.520000            4.520000     -0.006250       -5.625000  24954.125000    3.480000       4.520000          1.5             0           1    50.094600
52        0   52  57.58  1.695249         0.0             4.98000             4.98000             4.98000             4.98000     -3.284751    -2956.275517  56674.977827    1.489959       4.513750          1.0             0           0    21.447967         0.0            4.520000            4.520000            4.520000            4.520000     -0.006250       -5.625000  24948.500000    3.480000       4.520000          1.5             0           1    50.094600
53        0   53  57.75  1.700100         0.0             4.98000             4.98000             4.98000             4.98000     -3.279900    -2951.910393  53723.067434    1.790000       4.980000          1.0             0           0    25.843125         0.0            4.520000            4.520000            4.520000            4.520000      0.460000      414.000000  25362.500000    3.480000       4.520000          1.5             0           1    50.242500
54        0   54  57.75  1.670968         0.0             4.98000             4.98000             4.98000             4.98000     -3.309032    -2978.128961  50744.938473    1.790000       4.980000          1.0             0           0    25.843125         0.0            4.520000            4.520000            4.520000            4.520000      0.460000      414.000000  25776.500000    3.480000       4.520000          1.5             0           1    50.242500
55        0   55  57.75  1.663505         0.0             4.98000             4.98000             4.98000             4.98000     -3.316495    -2984.845293  47760.093180    1.790000       4.980000          1.0             0           0    25.843125         0.0            4.520000            4.520000            4.520000            4.520000      0.460000      414.000000  26190.500000    3.480000       4.520000          1.5             0           1    50.242500
56        0   56  57.75  1.675680         0.0             4.98000             4.98000             4.98000             4.98000     -3.304320    -2973.888200  44786.204981    1.790000       4.980000          1.0             0           0    25.843125         0.0            4.520000            4.520000            4.520000            4.520000      0.460000      414.000000  26604.500000    3.480000       4.520000          1.5             0           1    50.242500
57        0   57  57.66  1.697731         0.0             1.43000             1.43000             1.43000             1.43000      0.267731      240.958100  45027.163081    1.790000       4.980000          1.0             0           0    25.802850         0.0            4.520000            4.520000            4.520000            4.520000      0.460000      414.000000  27018.500000    3.480000       4.520000          1.5             0           1    50.164200
58        0   58  57.66  1.707071         0.0             1.43000             1.43000             1.43000             1.43000      0.277071      249.364133  45276.527214    0.000000       1.430000          1.0             0           0     0.000000         0.0            4.520000            4.520000            4.520000            4.520000     -3.090000    -2781.000000  24237.500000    3.480000       4.520000          1.5             0           1    50.164200
59        0   59  57.66  1.689723         0.0             1.43000             1.43000             1.43000             1.43000      0.259723      233.750534  45510.277748    0.000000       1.430000          1.0             0           0     0.000000         0.0            0.000000            0.000000            0.000000            0.000000      1.430000     1287.000000  25524.500000    3.480000       4.520000          1.5             0           1    50.164200
60        0   60  57.66  1.698802         0.0             1.43000             1.43000             1.43000             1.43000      0.268802      241.921914  45752.199662    0.000000       1.430000          1.0             0           0     0.000000         0.0            0.000000            0.000000            0.000000            0.000000      1.430000     1287.000000  26811.500000    3.480000       4.520000          1.5             0           1    50.164200
61        0   61  53.25  1.684356         0.0             1.43000             1.43000             1.43000             1.43000      0.254356      228.920211  45981.119872    0.000000       1.430000          1.0             0           0     0.000000         0.0            0.000000            0.000000            0.000000            0.000000      1.430000     1287.000000  28098.500000    3.480000       4.520000          1.5             0           1    46.327500
62        0   62  53.25  1.697492         0.0             1.43000             1.43000             1.43000             1.43000      0.267492      240.743065  46221.862937    0.000000       1.430000          1.0             0           0     0.000000         0.0            0.000000            0.000000            0.000000            0.000000      1.430000     1287.000000  29385.500000    0.983238       3.013333          1.0             0           0    13.089357
63        0   63  53.25  1.697220         0.0             1.43000             1.43000             1.43000             1.43000      0.267220      240.497598  46462.360535    0.000000       1.430000          1.0             0           0     0.000000         0.0            0.000000            0.000000            0.000000            0.000000      1.430000     1287.000000  30672.500000    0.000000       1.506667          0.0             0           0     0.000000
64        0   64  53.25  1.700582         0.0             1.43000             1.43000             1.43000             1.43000      0.270582      243.523625  46705.884160    0.000000       1.430000          1.0             0           0     0.000000         0.0            0.000000            0.000000            0.000000            0.000000      1.430000     1287.000000  31959.500000    0.000000       0.000000          0.0             0           0     0.000000
65        0   65  50.16  1.700629         0.0             1.43000             1.43000             1.43000             1.43000      0.270629      243.566401  46949.450561    0.000000       1.430000          1.0             0           0     0.000000         0.0            0.000000            0.000000            0.000000            0.000000      1.430000     1287.000000  33246.500000    0.000000       0.000000          0.0             0           0     0.000000
66        0   66  50.16  1.698220         0.0             1.43000             1.43000             1.43000             1.43000      0.268220      241.398097  47190.848658    0.000000       1.430000          1.0             0           0     0.000000         0.0            0.000000            0.000000            0.000000            0.000000      1.430000     1287.000000  34533.500000    0.000000       0.000000          0.0             0           0     0.000000
67        0   67  50.16  1.698896         0.0             1.43000             1.43000             1.43000             1.43000      0.268896      242.006063  47432.854721    0.000000       1.430000          1.0             0           0     0.000000         0.0            0.000000            0.000000            0.000000            0.000000      1.430000     1287.000000  35820.500000    0.000000       0.000000          0.0             0           0     0.000000
68        0   68  50.16  1.698240         0.0             1.43000             1.43000             1.43000             1.43000      0.268240      241.416240  47674.270961    0.000000       1.430000          1.0             0           0     0.000000         0.0            0.000000            0.000000            0.000000            0.000000      1.430000     1287.000000  37107.500000    0.000000       0.000000          0.0             0           0     0.000000
69        0   69  47.13  1.696857         0.0             1.43000             1.43000             1.43000             1.43000      0.266857      240.171526  47914.442487    0.000000       1.430000          1.0             0           0     0.000000         0.0            0.000000            0.000000            0.000000            0.000000      1.430000     1287.000000  38394.500000    0.000000       0.000000          0.0             0           0     0.000000
70        0   70  47.13  1.693752         0.0             1.43000             1.43000             1.43000             1.43000      0.263752      237.377222  48151.819709    0.000000       1.430000          1.0             0           0     0.000000         0.0            0.000000            0.000000            0.000000            0.000000      1.430000     1287.000000  39681.500000    0.000000       0.000000          0.0             0           0     0.000000
71        0   71  47.13  1.703016         0.0             1.43000             1.43000             1.43000             1.43000      0.273016      245.714146  48397.533854    0.000000       1.430000          1.0             0           0     0.000000         0.0            0.000000            0.000000            0.000000            0.000000      1.430000     1287.000000  40968.500000    0.000000       0.000000          0.0             0           0     0.000000
72        0   72  47.13  1.702782         0.0             1.43000             1.43000             1.43000             1.43000      0.272782      245.504031  48643.037885    0.000000       1.430000          1.0             0           0     0.000000         0.0            0.000000            0.000000            0.000000            0.000000      1.430000     1287.000000  42255.500000    0.000000       0.000000          0.0             0           0     0.000000
73        0   73  48.01  1.694114         0.0             1.43000             1.43000             1.43000             1.43000      0.264114      237.702811  48880.740696    0.000000       1.430000          1.0             0           0     0.000000         0.0            0.000000            0.000000            0.000000            0.000000      1.430000     1287.000000  43542.500000    0.000000       0.000000          0.0             0           0     0.000000
74        0   74  48.01  1.702478         0.0             1.43000             1.43000             1.43000             1.43000      0.272478      245.230365  49125.971061    0.000000       1.430000          1.0             0           0     0.000000         0.0            0.000000            0.000000            0.000000            0.000000      1.430000     1287.000000  44829.500000    0.000000       0.000000          0.0             0           0     0.000000
75        0   75  48.01  1.710618         0.0             1.43000             1.43000             1.43000             1.43000      0.280618      252.556393  49378.527455    0.000000       1.430000          1.0             0           0     0.000000         0.0            0.000000            0.000000            0.000000            0.000000      1.430000     1287.000000  46116.500000    0.000000       0.000000          0.0             0           0     0.000000
76        0   76  48.01  1.699476         0.0             1.43000             1.43000             1.43000             1.43000      0.269476      242.528813  49621.056268    0.000000       1.430000          1.0             0           0     0.000000         0.0            0.000000            0.000000            0.000000            0.000000      1.430000     1287.000000  47403.500000    0.000000       0.000000          0.0             0           0     0.000000
77        0   77  46.27  1.691449         0.0             1.43000             1.43000             1.43000             1.43000      0.261449      235.303765  49856.360033    0.000000       1.430000          1.0             0           0     0.000000         0.0            0.000000            0.000000            0.000000            0.000000      1.430000     1287.000000  48690.500000    0.000000       0.000000          0.0             0           0     0.000000
78        0   78  46.27  1.696457         0.0             1.43000             1.43000             1.43000             1.43000      0.266457      239.811331  50096.171364    0.000000       1.430000          1.0             0           0     0.000000         0.0            0.000000            0.000000            0.000000            0.000000      1.430000     1287.000000  49977.500000    0.000000       0.000000          0.0             0           0     0.000000
79        0   79  46.27  1.695484         0.0             1.43000             1.43000             1.43000             1.43000      0.265484      238.935759  50335.107122    0.000000       1.430000          1.0             0           0     0.000000         0.0            0.000000            0.000000            0.000000            0.000000      1.430000     1287.000000  51264.500000    0.000000       0.000000          0.0             0           0     0.000000
80        0   80  46.27  1.708098         0.0             1.43000             1.43000             1.43000             1.43000      0.278098      250.288061  50585.395184    0.000000       1.430000          1.0             0           0     0.000000         0.0            0.000000            0.000000            0.000000            0.000000      1.430000     1287.000000  52551.500000    0.000000       0.000000          0.0             0           0     0.000000
81        0   81  43.97  1.715371         0.0             1.43000             1.43000             1.43000             1.43000      0.285371      256.834101  50842.229285    0.000000       1.430000          1.0             0           0     0.000000         0.0            0.000000            0.000000            0.000000            0.000000      1.430000     1287.000000  53838.500000    0.000000       0.000000          0.0             0           0     0.000000
82        0   82  43.97  1.711246         0.0             1.43000             1.43000             1.43000             1.43000      0.281246      253.121435  51095.350720    0.000000       1.430000          1.0             0           0     0.000000         0.0            0.000000            0.000000            0.000000            0.000000      1.430000     1287.000000  55125.500000    0.000000       0.000000          0.0             0           0     0.000000
83        0   83  43.97  1.700836         0.0             1.43000             1.43000             1.43000             1.43000      0.270836      243.752566  51339.103286    0.000000       1.430000          1.0             0           0     0.000000         0.0            0.000000            0.000000            0.000000            0.000000      1.430000     1287.000000  56412.500000    0.000000       0.000000          0.0             0           0     0.000000
84        0   84  43.97  1.705294         0.0             0.00000             0.00000             0.00000             0.00000      1.705294     1534.764602  52873.867888    0.000000       1.430000          1.0             0           0     0.000000         0.0            0.000000            0.000000            0.000000            0.000000      1.430000     1287.000000  57699.500000    0.000000       0.000000          0.0             0           0     0.000000
85        0   85  41.03  1.703985         0.0             0.00000             0.00000             0.00000             0.00000      1.703985     1533.586544  54407.454432    0.000000       0.000000          0.0             0           0     0.000000         0.0            0.000000            0.000000            0.000000            0.000000      0.000000        0.000000  57699.500000    0.000000       0.000000          0.0             0           0     0.000000
86        0   86  41.03  1.697061         0.0             0.00000             0.00000             0.00000             0.00000      1.697061     1527.354642  55934.809074    0.000000       0.000000          0.0             0           0     0.000000         0.0            0.000000            0.000000            0.000000            0.000000      0.000000        0.000000  57699.500000    0.000000       0.000000          0.0             0           0     0.000000
87        0   87  41.03  1.704460         0.0             0.00000             0.00000             0.00000             0.00000      1.704460     1534.013904  57468.822978    0.000000       0.000000          0.0             0           0     0.000000         0.0            0.000000            0.000000            0.000000            0.000000      0.000000        0.000000  57699.500000    0.000000       0.000000          0.0             0           0     0.000000
88        0   88  41.03  1.698379         0.0             0.00000             0.00000             0.00000             0.00000      1.698379     1528.541521  58997.364499    0.000000       0.000000          0.0             0           0     0.000000         0.0            0.000000            0.000000            0.000000            0.000000      0.000000        0.000000  57699.500000    0.000000       0.000000          0.0             0           0     0.000000
89        0   89  37.00  1.699193         0.0             0.00000             0.00000             0.00000             0.00000      1.699193     1529.273344  60526.637843    0.000000       0.000000          0.0             0           0     0.000000         0.0            0.000000            0.000000            0.000000            0.000000      0.000000        0.000000  57699.500000    0.000000       0.000000          0.0             0           0     0.000000
90        0   90  37.00  1.691736         0.0             0.00000             0.00000             0.00000             0.00000      1.691736     1522.562315  62049.200158    0.000000       0.000000          0.0             0           0     0.000000         0.0            0.000000            0.000000            0.000000            0.000000      0.000000        0.000000  57699.500000    0.000000       0.000000          0.0             0           0     0.000000
91        0   91  37.00  1.706342         0.0             0.00000             0.00000             0.00000             0.00000      1.706342     1535.708094  63584.908251    0.000000       0.000000          0.0             0           0     0.000000         0.0            0.000000            0.000000            0.000000            0.000000      0.000000        0.000000  57699.500000    0.000000       0.000000          0.0             0           0     0.000000
92        0   92  37.00  1.710375         0.0             0.00000             0.00000             0.00000             0.00000      1.710375     1539.337321  65124.245572    0.000000       0.000000          0.0             0           0     0.000000         0.0            0.000000            0.000000            0.000000            0.000000      0.000000        0.000000  57699.500000    0.000000       0.000000          0.0             0           0     0.000000
93        0   93  40.00  1.704342         0.0             0.00000             0.00000             0.00000             0.00000      1.704342     1533.907483  66658.153055    0.000000       0.000000          0.0             0           0     0.000000         0.0            0.000000            0.000000            0.000000            0.000000      0.000000        0.000000  57699.500000    0.000000       0.000000          0.0             0           0     0.000000
94        0   94  40.00  1.709800         0.0             0.00000             0.00000             0.00000             0.00000      1.709800     1538.819631  68196.972685    0.000000       0.000000          0.0             0           0     0.000000         0.0            0.000000            0.000000            0.000000            0.000000      0.000000        0.000000  57699.500000    0.000000       0.000000          0.0             0           0     0.000000
95        0   95  40.00  1.713205         0.0             0.00000             0.00000             0.00000             0.00000      1.713205     1541.884503  69738.857189    0.000000       0.000000          0.0             0           0     0.000000         0.0            0.000000            0.000000            0.000000            0.000000      0.000000        0.000000  57699.500000    0.000000       0.000000          0.0             0           0     0.000000
96        0   96  40.00  1.713236         0.0            13.66000            13.66000            13.66000            13.66000    -11.946764   -10752.087642  58986.769547    0.000000       0.000000          0.0             0           0     0.000000         0.0            6.830000            6.830000            6.830000            6.830000     -6.830000    -6147.000000  51552.500000    0.000000       0.000000          0.0             0           0     0.000000
97        0   97  45.02  1.709911         0.0            13.66000            13.66000            13.66000            13.66000    -11.950089   -10755.080387  48231.689160    4.600000      13.660000          2.0             2           0    51.773000         0.0            6.830000            6.830000            6.830000            6.830000      6.830000     6147.000000  57699.500000    0.000000       0.000000          0.0             0           0     0.000000
98        0   98  45.02  1.707967         0.0            13.66000            13.66000            13.66000            13.66000    -11.952033   -10756.830098  37474.859062    4.600000      13.660000          2.0             0           0    51.773000         0.0            6.830000            6.830000            6.830000            6.830000      6.830000     6147.000000  58343.000000    0.000000       0.000000          0.0             0           0     0.000000

