==== Solution details ====

Solved river basin instance between 2020-12-01 05:45 and 2020-12-02 05:30.
The instance was solved at 2023-06-27 14:29 with the PSO algorithm.

---- Solver configuration ----

Configuration:
{
  "volume_objectives": {
    "dam1": 59627.42324,
    "dam2": 31010.43613642857
  },
  "volume_shortage_penalty": 3,
  "volume_exceedance_bonus": 0.1,
  "startups_penalty": 50,
  "limit_zones_penalty": 50,
  "use_relvars": false,
  "max_relvar": 1,
  "flow_smoothing": 0,
  "mode": "linear"
}

Parameters and other information:
{}

---- Objective function ----

Objective function values:
{
  "income": 1428.1494486441256,
  "startups": 5.0,
  "times_in_limit": 11.0,
  "dam1_shortage": 0.0,
  "dam1_exceedance": 11254.576759987154,
  "dam2_shortage": 0.0,
  "dam2_exceedance": 27332.56386357143
}

Objective function (to maximize):
4486.863510999985

---- River basin history ----

   scenario time  price  incoming  dam1_unreg  dam1_flow_assigned  dam1_flow_smoothed  dam1_flow_clipped1  dam1_flow_clipped2  dam1_netflow  dam1_volchange      dam1_vol    dam1_power  dam1_turbined  dam1_groups dam1_startups dam1_limits   dam1_income  dam2_unreg  dam2_flow_assigned  dam2_flow_smoothed  dam2_flow_clipped1  dam2_flow_clipped2  dam2_netflow  dam2_volchange      dam2_vol    dam2_power  dam2_turbined  dam2_groups dam2_startups dam2_limits   dam2_income
0         0    0  38.98  1.716063         0.0            5.642194            5.642194            5.642194            5.642194     -3.926131    -3533.517514  54453.620664  5.723949e-01       3.087894          1.0             0           0  5.577988e+00         0.0            2.922597            2.922597            2.922597            2.922597      0.165297      148.767381  17611.934813  7.886296e-01       2.895897          1.0             0           0  7.685196e+00
1         0    1  46.36  1.722484         0.0            5.642194            5.642194            5.642194            5.642194     -3.919710    -3527.738980  50925.881684  2.028936e+00       5.642194          1.0             0           0  2.351537e+01         0.0            2.922597            2.922597            2.922597            2.922597      2.719597     2447.637081  20059.571893  7.705088e-01       2.884962          1.0             0           0  8.930197e+00
2         0    2  46.36  1.715182         0.0            5.642194            5.642194            5.642194            5.642194     -3.927012    -3534.310998  47391.570686  2.028936e+00       5.642194          1.0             0           0  2.351537e+01         0.0            2.922597            2.922597            2.922597            2.922597      2.719597     2447.637081  22507.208974  7.556099e-01       2.875971          1.0             0           0  8.757518e+00
3         0    3  46.36  1.712510         0.0            4.677958            4.677958            4.677958            4.677958     -2.965448    -2668.903252  44722.667434  2.028936e+00       5.642194          1.0             0           0  2.351537e+01         0.0            4.520000            4.520000            4.344092            4.344092      1.298102     1168.291539  23675.500514  7.739155e-01       2.887018          1.0             0           0  8.969681e+00
4         0    4  46.36  1.714548         0.0            4.677958            4.677958            4.677958            4.677958     -2.963410    -2667.069371  42055.598063  1.595631e+00       4.677958          1.0             0           0  1.849336e+01         0.0            4.520000            4.520000            4.520000            4.520000      0.157958      142.162546  23817.663060  8.007349e-01       2.903202          1.0             0           0  9.280518e+00
5         0    5  55.00  1.711874         0.0            4.677958            4.677958            4.677958            4.677958     -2.966084    -2669.475543  39386.122520  1.595631e+00       4.677958          1.0             0           0  2.193992e+01         0.0            4.520000            4.520000            4.520000            4.520000      0.157958      142.162546  23959.825606  8.328753e-01       2.922597          1.0             0           0  1.145204e+01
6         0    6  55.00  1.718184         0.0            4.677958            4.677958            4.677958            4.677958     -2.959775    -2663.797053  36722.325468  1.595631e+00       4.677958          1.0             0           0  2.193992e+01         0.0            4.520000            4.520000            4.520000            4.520000      0.157958      142.162546  24101.988152  1.618082e+00       3.396429          1.0             0           0  2.224863e+01
7         0    7  55.00  1.703152         0.0            4.677958            4.677958            4.677958            4.677958     -2.974806    -2677.325468  34045.000000  1.595631e+00       4.677958          1.0             0           0  2.193992e+01         0.0            4.520000            4.520000            4.520000            4.520000      0.157958      142.162546  24244.150698  2.500457e+00       3.928896          1.0             0           0  3.438128e+01
8         0    8  55.00  1.696537         0.0            1.430000            1.430000            1.430000            1.430000      0.266537      239.883045  34284.883045  1.595631e+00       4.677958          1.0             0           0  2.193992e+01         0.0            4.520000            4.520000            4.520000            4.520000      0.157958      142.162546  24386.313244  3.382832e+00       4.461364          1.0             0           0  4.651394e+01
9         0    9  58.03  1.699367         0.0            1.430000            1.430000            1.430000            1.430000      0.269367      242.430005  34527.313050  1.399360e-14       1.430000          1.0             0           0  2.030122e-13         0.0            3.405277            3.405277            3.405277            3.405277     -1.975277    -1777.749059  22608.564185  3.480000e+00       4.520000          1.5             0           1  5.048610e+01
10        0   10  58.03  1.704904         0.0            1.430000            1.430000            1.430000            1.430000      0.274904      247.413175  34774.726225  1.399360e-14       1.430000          1.0             0           0  2.030122e-13         0.0            3.405277            3.405277            3.405277            3.405277     -1.975277    -1777.749059  20830.815126  3.480000e+00       4.520000          1.5             0           1  5.048610e+01
11        0   11  58.03  1.710453         0.0            1.430000            1.430000            1.430000            1.430000      0.280453      252.407336  35027.133561  1.399360e-14       1.430000          1.0             0           0  2.030122e-13         0.0            3.405277            3.405277            3.405277            3.405277     -1.975277    -1777.749059  19053.066067  3.480000e+00       4.520000          1.5             0           1  5.048610e+01
12        0   12  58.03  1.725923         0.0            1.430000            1.430000            1.430000            1.430000      0.295923      266.330440  35293.464001  1.399360e-14       1.430000          1.0             0           0  2.030122e-13         0.0            3.405277            3.405277            3.405277            3.405277     -1.975277    -1777.749059  17275.317007  2.864248e+00       4.148426          1.0             0           0  4.155308e+01
13        0   13  57.75  1.716043         0.0            1.430000            1.430000            1.430000            1.430000      0.286043      257.438509  35550.902510  1.399360e-14       1.430000          1.0             0           0  2.020326e-13         0.0            0.000000            0.000000            0.000000            0.000000      1.430000     1287.000000  18562.317007  2.248496e+00       3.776851          1.0             0           0  3.246266e+01
14        0   14  57.75  1.709269         0.0            1.429998            1.429998            1.429998            1.429998      0.279271      251.344156  35802.246666  1.399360e-14       1.430000          1.0             0           0  2.020326e-13         0.0            0.000000            0.000000            0.000000            0.000000      1.430000     1287.000000  19849.317007  1.632744e+00       3.405277          1.0             0           0  2.357275e+01
15        0   15  57.75  1.706108         0.0            0.000000            0.000000            0.000000            0.000000      1.706108     1535.497486  37337.744152  0.000000e+00       1.429998          1.0             0           0  0.000000e+00         0.0            0.000000            0.000000            0.000000            0.000000      1.429998     1286.998373  21136.315381  1.632744e+00       3.405277          1.0             0           0  2.357275e+01
16        0   16  57.75  1.705775         0.0            0.000000            0.000000            0.000000            0.000000      1.705775     1535.197351  38872.941503  0.000000e+00       0.000000          0.0             0           0  0.000000e+00         0.0            0.000000            0.000000            0.000000            0.000000      0.000000        0.000000  21136.315381  0.000000e+00       2.270184          0.0             0           0  0.000000e+00
17        0   17  55.84  1.698334         0.0            0.000000            0.000000            0.000000            0.000000      1.698334     1528.500346  40401.441849  0.000000e+00       0.000000          0.0             0           0  0.000000e+00         0.0            0.000000            0.000000            0.000000            0.000000      0.000000        0.000000  21136.315381  0.000000e+00       1.135092          0.0             0           0  0.000000e+00
18        0   18  55.84  1.691015         0.0            0.000000            0.000000            0.000000            0.000000      1.691015     1521.913521  41923.355370  0.000000e+00       0.000000          0.0             0           0  0.000000e+00         0.0            0.000000            0.000000            0.000000            0.000000      0.000000        0.000000  21136.315381  0.000000e+00       0.000000          0.0             0           0  0.000000e+00
19        0   19  55.84  1.687190         0.0            0.180267            0.180267            0.180267            0.180267      1.506923     1356.230477  43279.585846  0.000000e+00       0.000000          0.0             0           0  0.000000e+00         0.0            0.000000            0.000000            0.000000            0.000000      0.000000        0.000000  21136.315381  0.000000e+00       0.000000          0.0             0           0  0.000000e+00
20        0   20  55.84  1.700962         0.0            0.180267            0.180267            0.180267            0.180267      1.520695     1368.625113  44648.210959  0.000000e+00       0.180267          0.0             0           0  0.000000e+00         0.0            0.000000            0.000000            0.000000            0.000000      0.180267      162.240580  21298.555960  0.000000e+00       0.000000          0.0             0           0  0.000000e+00
21        0   21  55.01  1.696635         0.0            0.180267            0.180267            0.180267            0.180267      1.516368     1364.730907  46012.941866  0.000000e+00       0.180267          0.0             0           0  0.000000e+00         0.0            0.000000            0.000000            0.000000            0.000000      0.180267      162.240580  21460.796540  0.000000e+00       0.000000          0.0             0           0  0.000000e+00
22        0   22  55.01  1.706543         0.0            0.180267            0.180267            0.180267            0.180267      1.526276     1373.648487  47386.590354  0.000000e+00       0.180267          0.0             0           0  0.000000e+00         0.0            0.000000            0.000000            0.000000            0.000000      0.180267      162.240580  21623.037120  0.000000e+00       0.000000          0.0             0           0  0.000000e+00
23        0   23  55.01  1.702309         0.0            0.000000            0.000000            0.000000            0.000000      1.702309     1532.078228  48918.668581  0.000000e+00       0.180267          0.0             0           0  0.000000e+00         0.0            0.000000            0.000000            0.000000            0.000000      0.180267      162.240580  21785.277700  0.000000e+00       0.000000          0.0             0           0  0.000000e+00
24        0   24  55.01  1.696240         0.0            0.000000            0.000000            0.000000            0.000000      1.696240     1526.616109  50445.284690  0.000000e+00       0.000000          0.0             0           0  0.000000e+00         0.0            0.000000            0.000000            0.000000            0.000000      0.000000        0.000000  21785.277700  0.000000e+00       0.000000          0.0             0           0  0.000000e+00
25        0   25  54.23  1.702308         0.0            0.000000            0.000000            0.000000            0.000000      1.702308     1532.077071  51977.361761  0.000000e+00       0.000000          0.0             0           0  0.000000e+00         0.0            0.000000            0.000000            0.000000            0.000000      0.000000        0.000000  21785.277700  0.000000e+00       0.000000          0.0             0           0  0.000000e+00
26        0   26  54.23  1.719046         0.0            0.000000            0.000000            0.000000            0.000000      1.719046     1547.141514  53524.503274  0.000000e+00       0.000000          0.0             0           0  0.000000e+00         0.0            0.000000            0.000000            0.000000            0.000000      0.000000        0.000000  21785.277700  0.000000e+00       0.000000          0.0             0           0  0.000000e+00
27        0   27  54.23  1.702772         0.0            0.000000            0.000000            0.000000            0.000000      1.702772     1532.495222  55056.998496  0.000000e+00       0.000000          0.0             0           0  0.000000e+00         0.0            0.000000            0.000000            0.000000            0.000000      0.000000        0.000000  21785.277700  0.000000e+00       0.000000          0.0             0           0  0.000000e+00
28        0   28  54.23  1.698546         0.0            0.000000            0.000000            0.000000            0.000000      1.698546     1528.691790  56585.690286  0.000000e+00       0.000000          0.0             0           0  0.000000e+00         0.0            0.000000            0.000000            0.000000            0.000000      0.000000        0.000000  21785.277700  0.000000e+00       0.000000          0.0             0           0  0.000000e+00
29        0   29  54.22  1.695975         0.0            0.000000            0.000000            0.000000            0.000000      1.695975     1526.377616  58112.067902  0.000000e+00       0.000000          0.0             0           0  0.000000e+00         0.0            0.000000            0.000000            0.000000            0.000000      0.000000        0.000000  21785.277700  0.000000e+00       0.000000          0.0             0           0  0.000000e+00
30        0   30  54.22  1.712328         0.0            0.000000            0.000000            0.000000            0.000000      1.712328     1541.095385  59653.163287  0.000000e+00       0.000000          0.0             0           0  0.000000e+00         0.0            0.000000            0.000000            0.000000            0.000000      0.000000        0.000000  21785.277700  0.000000e+00       0.000000          0.0             0           0  0.000000e+00
31        0   31  54.22  1.710318         0.0            0.000000            0.000000            0.000000            0.000000      1.710318     1539.286161  61192.449448  0.000000e+00       0.000000          0.0             0           0  0.000000e+00         0.0            0.000000            0.000000            0.000000            0.000000      0.000000        0.000000  21785.277700  0.000000e+00       0.000000          0.0             0           0  0.000000e+00
32        0   32  54.22  1.704362         0.0            0.000000            0.000000            0.000000            0.000000      1.704362     1533.925524  62726.374972  0.000000e+00       0.000000          0.0             0           0  0.000000e+00         0.0            0.000000            0.000000            0.000000            0.000000      0.000000        0.000000  21785.277700  0.000000e+00       0.000000          0.0             0           0  0.000000e+00
33        0   33  51.10  1.697914         0.0            0.000000            0.000000            0.000000            0.000000      1.697914     1528.122279  64254.497251  0.000000e+00       0.000000          0.0             0           0  0.000000e+00         0.0            0.000000            0.000000            0.000000            0.000000      0.000000        0.000000  21785.277700  0.000000e+00       0.000000          0.0             0           0  0.000000e+00
34        0   34  51.10  1.703363         0.0            0.000000            0.000000            0.000000            0.000000      1.703363     1533.026637  65787.523888  0.000000e+00       0.000000          0.0             0           0  0.000000e+00         0.0            0.000000            0.000000            0.000000            0.000000      0.000000        0.000000  21785.277700  0.000000e+00       0.000000          0.0             0           0  0.000000e+00
35        0   35  51.10  1.696128         0.0            0.000000            0.000000            0.000000            0.000000      1.696128     1526.515294  67314.039182  0.000000e+00       0.000000          0.0             0           0  0.000000e+00         0.0            0.000000            0.000000            0.000000            0.000000      0.000000        0.000000  21785.277700  0.000000e+00       0.000000          0.0             0           0  0.000000e+00
36        0   36  51.10  1.687047         0.0            0.000000            0.000000            0.000000            0.000000      1.687047     1518.342630  68832.381812  0.000000e+00       0.000000          0.0             0           0  0.000000e+00         0.0            0.000000            0.000000            0.000000            0.000000      0.000000        0.000000  21785.277700  0.000000e+00       0.000000          0.0             0           0  0.000000e+00
37        0   37  50.14  1.695246         0.0            0.000000            0.000000            0.000000            0.000000      1.695246     1525.721057  70358.102869  0.000000e+00       0.000000          0.0             0           0  0.000000e+00         0.0            0.000000            0.000000            0.000000            0.000000      0.000000        0.000000  21785.277700  0.000000e+00       0.000000          0.0             0           0  0.000000e+00
38        0   38  50.14  1.689812         0.0            0.000000            0.000000            0.000000            0.000000      1.689812     1520.831026  70882.000000  0.000000e+00       0.000000          0.0             0           0  0.000000e+00         0.0            0.000000            0.000000            0.000000            0.000000      0.000000        0.000000  21785.277700  0.000000e+00       0.000000          0.0             0           0  0.000000e+00
39        0   39  50.14  1.696387         0.0            0.000000            0.000000            0.000000            0.000000      1.696387     1526.748655  70882.000000  0.000000e+00       0.000000          0.0             0           0  0.000000e+00         0.0            0.000000            0.000000            0.000000            0.000000      0.000000        0.000000  21785.277700  0.000000e+00       0.000000          0.0             0           0  0.000000e+00
40        0   40  50.14  1.697163         0.0           11.926400           11.926400           11.926400           11.926400    -10.229237    -9206.313021  61675.686979  0.000000e+00       0.000000          0.0             0           0  0.000000e+00         0.0            0.000000            0.000000            0.000000            0.000000      0.000000        0.000000  21785.277700  0.000000e+00       0.000000          0.0             0           0  0.000000e+00
41        0   41  50.97  1.703389         0.0           11.926400           11.926400           11.926400           11.926400    -10.223011    -9200.709586  52474.977392  4.103523e+00      11.926400          2.0             2           0  5.228914e+01         0.0            1.370000            1.370000            1.370000            1.370000     10.556400     9500.759827  31286.037527  0.000000e+00       0.000000          0.0             0           0  0.000000e+00
42        0   42  50.97  1.691083         0.0           11.926400           11.926400           11.926400           11.926400    -10.235317    -9211.784878  43263.192514  4.103523e+00      11.926400          2.0             0           0  5.228914e+01         0.0            1.370000            1.370000            1.370000            1.370000     10.556400     9500.759827  40786.797354  0.000000e+00       0.000000          0.0             0           0  0.000000e+00
43        0   43  50.97  1.683964         0.0           11.926400           11.926400           11.926400           11.926400    -10.242436    -9218.192514  34045.000000  4.103523e+00      11.926400          2.0             0           0  5.228914e+01         0.0            1.370000            1.370000            1.370000            1.370000     10.556400     9500.759827  50287.557180  0.000000e+00       0.000000          0.0             0           0  0.000000e+00
44        0   44  50.97  1.685941         0.0            0.000000            0.000000            0.000000            0.000000      1.685941     1517.347175  35562.347175  4.103523e+00      11.926400          2.0             0           0  5.228914e+01         0.0            1.370000            1.370000            1.370000            1.370000     10.556400     9500.759827  58343.000000  0.000000e+00       0.456667          0.0             0           0  0.000000e+00
45        0   45  54.51  1.682961         0.0            0.000000            0.000000            0.000000            0.000000      1.682961     1514.665037  37077.012212  0.000000e+00       0.000000          0.0             0           0  0.000000e+00         0.0            4.520000            4.520000            4.520000            4.520000     -4.520000    -4068.000000  54275.000000  0.000000e+00       0.913333          0.0             0           0  0.000000e+00
46        0   46  54.51  1.701438         0.0            0.000000            0.000000            0.000000            0.000000      1.701438     1531.294117  38608.306329  0.000000e+00       0.000000          0.0             0           0  0.000000e+00         0.0            4.520000            4.520000            4.520000            4.520000     -4.520000    -4068.000000  50207.000000  0.000000e+00       1.370000          0.0             0           0  0.000000e+00
47        0   47  54.51  1.689563         0.0            0.000000            0.000000            0.000000            0.000000      1.689563     1520.606953  40128.913282  0.000000e+00       0.000000          0.0             0           0  0.000000e+00         0.0            4.520000            4.520000            4.520000            4.520000     -4.520000    -4068.000000  46139.000000  0.000000e+00       1.370000          0.0             0           0  0.000000e+00
48        0   48  54.51  1.703357         0.0            0.000000            0.000000            0.000000            0.000000      1.703357     1533.021361  41661.934643  0.000000e+00       0.000000          0.0             0           0  0.000000e+00         0.0            4.520000            4.520000            4.520000            4.520000     -4.520000    -4068.000000  42071.000000  4.005609e-12       2.420000          0.0             0           0  5.458643e-11
49        0   49  57.58  1.724968         0.0            1.396816            1.396816            1.396816            1.396816      0.328153      295.337424  41957.272067  0.000000e+00       0.000000          0.0             0           0  0.000000e+00         0.0            4.520000            4.520000            4.520000            4.520000     -4.520000    -4068.000000  38003.000000  1.740000e+00       3.470000          1.0             1           0  2.504730e+01
50        0   50  57.58  1.695181         0.0            1.396816            1.396816            1.396816            1.396816      0.298365      268.528736  42225.800803  0.000000e+00       1.396816          0.0             0           0  0.000000e+00         0.0            4.520000            4.520000            4.520000            4.520000     -3.123184    -2810.865955  35192.134045  3.480000e+00       4.520000          1.5             0           1  5.009460e+01
51        0   51  57.58  1.683628         0.0            1.396816            1.396816            1.396816            1.396816      0.286813      258.131531  42483.932334  0.000000e+00       1.396816          0.0             0           0  0.000000e+00         0.0            4.520000            4.520000            4.520000            4.520000     -3.123184    -2810.865955  32381.268089  3.480000e+00       4.520000          1.5             0           1  5.009460e+01
52        0   52  57.58  1.695249         0.0            1.396816            1.396816            1.396816            1.396816      0.298434      268.590438  42752.522772  0.000000e+00       1.396816          0.0             0           0  0.000000e+00         0.0            4.520000            4.520000            4.520000            4.520000     -3.123184    -2810.865955  29570.402134  3.480000e+00       4.520000          1.5             0           1  5.009460e+01
53        0   53  57.75  1.700100         0.0            1.396816            1.396816            1.396816            1.396816      0.303284      272.955563  43025.478335  0.000000e+00       1.396816          0.0             0           0  0.000000e+00         0.0            4.520000            4.520000            4.520000            4.520000     -3.123184    -2810.865955  26759.536178  3.480000e+00       4.520000          1.5             0           1  5.024250e+01
54        0   54  57.75  1.670968         0.0            1.396816            1.396816            1.396816            1.396816      0.274152      246.736994  43272.215329  0.000000e+00       1.396816          0.0             0           0  0.000000e+00         0.0            4.520000            4.520000            4.520000            4.520000     -3.123184    -2810.865955  23948.670223  3.480000e+00       4.520000          1.5             0           1  5.024250e+01
55        0   55  57.75  1.663505         0.0            1.396816            1.396816            1.396816            1.396816      0.266690      240.020662  43512.235991  0.000000e+00       1.396816          0.0             0           0  0.000000e+00         0.0            0.544427            0.544427            0.544427            0.544427      0.852388      767.149467  24715.819689  3.480000e+00       4.520000          1.5             0           1  5.024250e+01
56        0   56  57.75  1.675680         0.0            0.000000            0.000000            0.000000            0.000000      1.675680     1508.111800  45020.347792  0.000000e+00       1.396816          0.0             0           0  0.000000e+00         0.0            0.544427            0.544427            0.544427            0.544427      0.852388      767.149467  25482.969156  3.480000e+00       4.520000          1.5             0           1  5.024250e+01
57        0   57  57.66  1.697731         0.0            0.000000            0.000000            0.000000            0.000000      1.697731     1527.958100  46548.305892  0.000000e+00       0.000000          0.0             0           0  0.000000e+00         0.0            0.544427            0.544427            0.544427            0.544427     -0.544427     -489.984578  24992.984578  3.480000e+00       4.520000          1.5             0           1  5.016420e+01
58        0   58  57.66  1.707071         0.0            0.000000            0.000000            0.000000            0.000000      1.707071     1536.364133  48084.670025  0.000000e+00       0.000000          0.0             0           0  0.000000e+00         0.0            0.544427            0.544427            0.544427            0.544427     -0.544427     -489.984578  24503.000000  1.283969e+00       3.194809          1.0             0           0  1.850842e+01
59        0   59  57.66  1.689723         0.0            0.000000            0.000000            0.000000            0.000000      1.689723     1520.750534  49605.420559  0.000000e+00       0.000000          0.0             0           0  0.000000e+00         0.0            0.000000            0.000000            0.000000            0.000000      0.000000        0.000000  24503.000000  0.000000e+00       1.869618          0.0             0           0  0.000000e+00
60        0   60  57.66  1.698802         0.0            0.000000            0.000000            0.000000            0.000000      1.698802     1528.921914  51134.342473  0.000000e+00       0.000000          0.0             0           0  0.000000e+00         0.0            0.000000            0.000000            0.000000            0.000000      0.000000        0.000000  24503.000000  0.000000e+00       0.544427          0.0             0           0  0.000000e+00
61        0   61  53.25  1.684356         0.0            0.000000            0.000000            0.000000            0.000000      1.684356     1515.920211  52650.262684  0.000000e+00       0.000000          0.0             0           0  0.000000e+00         0.0            0.000000            0.000000            0.000000            0.000000      0.000000        0.000000  24503.000000  0.000000e+00       0.544427          0.0             0           0  0.000000e+00
62        0   62  53.25  1.697492         0.0            0.000000            0.000000            0.000000            0.000000      1.697492     1527.743065  54178.005748  0.000000e+00       0.000000          0.0             0           0  0.000000e+00         0.0            0.000000            0.000000            0.000000            0.000000      0.000000        0.000000  24503.000000  0.000000e+00       0.362952          0.0             0           0  0.000000e+00
63        0   63  53.25  1.697220         0.0            0.000000            0.000000            0.000000            0.000000      1.697220     1527.497598  55705.503347  0.000000e+00       0.000000          0.0             0           0  0.000000e+00         0.0            0.000000            0.000000            0.000000            0.000000      0.000000        0.000000  24503.000000  0.000000e+00       0.181476          0.0             0           0  0.000000e+00
64        0   64  53.25  1.700582         0.0            0.000000            0.000000            0.000000            0.000000      1.700582     1530.523625  57236.026971  0.000000e+00       0.000000          0.0             0           0  0.000000e+00         0.0            0.000000            0.000000            0.000000            0.000000      0.000000        0.000000  24503.000000  0.000000e+00       0.000000          0.0             0           0  0.000000e+00
65        0   65  50.16  1.700629         0.0            0.000000            0.000000            0.000000            0.000000      1.700629     1530.566401  58766.593373  0.000000e+00       0.000000          0.0             0           0  0.000000e+00         0.0            0.000000            0.000000            0.000000            0.000000      0.000000        0.000000  24503.000000  0.000000e+00       0.000000          0.0             0           0  0.000000e+00
66        0   66  50.16  1.698220         0.0            0.000000            0.000000            0.000000            0.000000      1.698220     1528.398097  60294.991469  0.000000e+00       0.000000          0.0             0           0  0.000000e+00         0.0            0.000000            0.000000            0.000000            0.000000      0.000000        0.000000  24503.000000  0.000000e+00       0.000000          0.0             0           0  0.000000e+00
67        0   67  50.16  1.698896         0.0            0.000000            0.000000            0.000000            0.000000      1.698896     1529.006063  61823.997532  0.000000e+00       0.000000          0.0             0           0  0.000000e+00         0.0            0.000000            0.000000            0.000000            0.000000      0.000000        0.000000  24503.000000  0.000000e+00       0.000000          0.0             0           0  0.000000e+00
68        0   68  50.16  1.698240         0.0            0.000000            0.000000            0.000000            0.000000      1.698240     1528.416240  63352.413773  0.000000e+00       0.000000          0.0             0           0  0.000000e+00         0.0            0.000000            0.000000            0.000000            0.000000      0.000000        0.000000  24503.000000  0.000000e+00       0.000000          0.0             0           0  0.000000e+00
69        0   69  47.13  1.696857         0.0            0.000000            0.000000            0.000000            0.000000      1.696857     1527.171526  64879.585298  0.000000e+00       0.000000          0.0             0           0  0.000000e+00         0.0            0.000000            0.000000            0.000000            0.000000      0.000000        0.000000  24503.000000  0.000000e+00       0.000000          0.0             0           0  0.000000e+00
70        0   70  47.13  1.693752         0.0            0.000000            0.000000            0.000000            0.000000      1.693752     1524.377222  66403.962520  0.000000e+00       0.000000          0.0             0           0  0.000000e+00         0.0            0.000000            0.000000            0.000000            0.000000      0.000000        0.000000  24503.000000  0.000000e+00       0.000000          0.0             0           0  0.000000e+00
71        0   71  47.13  1.703016         0.0            0.000000            0.000000            0.000000            0.000000      1.703016     1532.714146  67936.676666  0.000000e+00       0.000000          0.0             0           0  0.000000e+00         0.0            0.000000            0.000000            0.000000            0.000000      0.000000        0.000000  24503.000000  0.000000e+00       0.000000          0.0             0           0  0.000000e+00
72        0   72  47.13  1.702782         0.0            0.000000            0.000000            0.000000            0.000000      1.702782     1532.504031  69469.180696  0.000000e+00       0.000000          0.0             0           0  0.000000e+00         0.0            0.000000            0.000000            0.000000            0.000000      0.000000        0.000000  24503.000000  0.000000e+00       0.000000          0.0             0           0  0.000000e+00
73        0   73  48.01  1.694114         0.0            9.400000            9.400000            9.400000            9.400000     -7.705886    -6935.297189  62533.883508  0.000000e+00       0.000000          0.0             0           0  0.000000e+00         0.0            0.000000            0.000000            0.000000            0.000000      0.000000        0.000000  24503.000000  0.000000e+00       0.000000          0.0             0           0  0.000000e+00
74        0   74  48.01  1.702478         0.0            9.400000            9.400000            9.400000            9.400000     -7.697522    -6927.769635  55606.113873  3.380000e+00       9.400000          2.0             2           0  4.056845e+01         0.0            0.000000            0.000000            0.000000            0.000000      9.400000     8460.000000  32963.000000  0.000000e+00       0.000000          0.0             0           0  0.000000e+00
75        0   75  48.01  1.710618         0.0            9.400000            9.400000            9.400000            9.400000     -7.689382    -6920.443607  48685.670266  3.380000e+00       9.400000          2.0             0           0  4.056845e+01         0.0            0.000000            0.000000            0.000000            0.000000      9.400000     8460.000000  41423.000000  0.000000e+00       0.000000          0.0             0           0  0.000000e+00
76        0   76  48.01  1.699476         0.0            9.400000            9.400000            9.400000            9.400000     -7.700524    -6930.471187  41755.199079  3.380000e+00       9.400000          2.0             0           0  4.056845e+01         0.0            0.000000            0.000000            0.000000            0.000000      9.400000     8460.000000  49883.000000  0.000000e+00       0.000000          0.0             0           0  0.000000e+00
77        0   77  46.27  1.691449         0.0            0.000000            0.000000            0.000000            0.000000      1.691449     1522.303765  43277.502844  3.380000e+00       9.400000          2.0             0           0  3.909815e+01         0.0            0.000000            0.000000            0.000000            0.000000      9.400000     8460.000000  58343.000000  0.000000e+00       0.000000          0.0             0           0  0.000000e+00
78        0   78  46.27  1.696457         0.0            0.000000            0.000000            0.000000            0.000000      1.696457     1526.811331  44804.314175  0.000000e+00       0.000000          0.0             0           0  0.000000e+00         0.0            0.000000            0.000000            0.000000            0.000000      0.000000        0.000000  58343.000000  0.000000e+00       0.000000          0.0             0           0  0.000000e+00
79        0   79  46.27  1.695484         0.0            0.000000            0.000000            0.000000            0.000000      1.695484     1525.935759  46330.249934  0.000000e+00       0.000000          0.0             0           0  0.000000e+00         0.0            0.000000            0.000000            0.000000            0.000000      0.000000        0.000000  58343.000000  0.000000e+00       0.000000          0.0             0           0  0.000000e+00
80        0   80  46.27  1.708098         0.0            0.000000            0.000000            0.000000            0.000000      1.708098     1537.288061  47867.537995  0.000000e+00       0.000000          0.0             0           0  0.000000e+00         0.0            0.000000            0.000000            0.000000            0.000000      0.000000        0.000000  58343.000000  0.000000e+00       0.000000          0.0             0           0  0.000000e+00
81        0   81  43.97  1.715371         0.0            0.000000            0.000000            0.000000            0.000000      1.715371     1543.834101  49411.372096  0.000000e+00       0.000000          0.0             0           0  0.000000e+00         0.0            0.000000            0.000000            0.000000            0.000000      0.000000        0.000000  58343.000000  0.000000e+00       0.000000          0.0             0           0  0.000000e+00
82        0   82  43.97  1.711246         0.0            0.000000            0.000000            0.000000            0.000000      1.711246     1540.121435  50951.493531  0.000000e+00       0.000000          0.0             0           0  0.000000e+00         0.0            0.000000            0.000000            0.000000            0.000000      0.000000        0.000000  58343.000000  0.000000e+00       0.000000          0.0             0           0  0.000000e+00
83        0   83  43.97  1.700836         0.0            0.000000            0.000000            0.000000            0.000000      1.700836     1530.752566  52482.246097  0.000000e+00       0.000000          0.0             0           0  0.000000e+00         0.0            0.000000            0.000000            0.000000            0.000000      0.000000        0.000000  58343.000000  0.000000e+00       0.000000          0.0             0           0  0.000000e+00
84        0   84  43.97  1.705294         0.0            0.000000            0.000000            0.000000            0.000000      1.705294     1534.764602  54017.010700  0.000000e+00       0.000000          0.0             0           0  0.000000e+00         0.0            0.000000            0.000000            0.000000            0.000000      0.000000        0.000000  58343.000000  0.000000e+00       0.000000          0.0             0           0  0.000000e+00
85        0   85  41.03  1.703985         0.0            0.000000            0.000000            0.000000            0.000000      1.703985     1533.586544  55550.597244  0.000000e+00       0.000000          0.0             0           0  0.000000e+00         0.0            0.000000            0.000000            0.000000            0.000000      0.000000        0.000000  58343.000000  0.000000e+00       0.000000          0.0             0           0  0.000000e+00
86        0   86  41.03  1.697061         0.0            0.000000            0.000000            0.000000            0.000000      1.697061     1527.354642  57077.951885  0.000000e+00       0.000000          0.0             0           0  0.000000e+00         0.0            0.000000            0.000000            0.000000            0.000000      0.000000        0.000000  58343.000000  0.000000e+00       0.000000          0.0             0           0  0.000000e+00
87        0   87  41.03  1.704460         0.0            0.000000            0.000000            0.000000            0.000000      1.704460     1534.013904  58611.965789  0.000000e+00       0.000000          0.0             0           0  0.000000e+00         0.0            0.000000            0.000000            0.000000            0.000000      0.000000        0.000000  58343.000000  0.000000e+00       0.000000          0.0             0           0  0.000000e+00
88        0   88  41.03  1.698379         0.0            0.000000            0.000000            0.000000            0.000000      1.698379     1528.541521  60140.507310  0.000000e+00       0.000000          0.0             0           0  0.000000e+00         0.0            0.000000            0.000000            0.000000            0.000000      0.000000        0.000000  58343.000000  0.000000e+00       0.000000          0.0             0           0  0.000000e+00
89        0   89  37.00  1.699193         0.0            0.000000            0.000000            0.000000            0.000000      1.699193     1529.273344  61669.780654  0.000000e+00       0.000000          0.0             0           0  0.000000e+00         0.0            0.000000            0.000000            0.000000            0.000000      0.000000        0.000000  58343.000000  0.000000e+00       0.000000          0.0             0           0  0.000000e+00
90        0   90  37.00  1.691736         0.0            0.000000            0.000000            0.000000            0.000000      1.691736     1522.562315  63192.342969  0.000000e+00       0.000000          0.0             0           0  0.000000e+00         0.0            0.000000            0.000000            0.000000            0.000000      0.000000        0.000000  58343.000000  0.000000e+00       0.000000          0.0             0           0  0.000000e+00
91        0   91  37.00  1.706342         0.0            0.000000            0.000000            0.000000            0.000000      1.706342     1535.708094  64728.051063  0.000000e+00       0.000000          0.0             0           0  0.000000e+00         0.0            0.000000            0.000000            0.000000            0.000000      0.000000        0.000000  58343.000000  0.000000e+00       0.000000          0.0             0           0  0.000000e+00
92        0   92  37.00  1.710375         0.0            0.000000            0.000000            0.000000            0.000000      1.710375     1539.337321  66267.388383  0.000000e+00       0.000000          0.0             0           0  0.000000e+00         0.0            0.000000            0.000000            0.000000            0.000000      0.000000        0.000000  58343.000000  0.000000e+00       0.000000          0.0             0           0  0.000000e+00
93        0   93  40.00  1.704342         0.0            0.000000            0.000000            0.000000            0.000000      1.704342     1533.907483  67801.295866  0.000000e+00       0.000000          0.0             0           0  0.000000e+00         0.0            0.000000            0.000000            0.000000            0.000000      0.000000        0.000000  58343.000000  0.000000e+00       0.000000          0.0             0           0  0.000000e+00
94        0   94  40.00  1.709800         0.0            0.000000            0.000000            0.000000            0.000000      1.709800     1538.819631  69340.115497  0.000000e+00       0.000000          0.0             0           0  0.000000e+00         0.0            0.000000            0.000000            0.000000            0.000000      0.000000        0.000000  58343.000000  0.000000e+00       0.000000          0.0             0           0  0.000000e+00
95        0   95  40.00  1.713205         0.0            0.000000            0.000000            0.000000            0.000000      1.713205     1541.884503  70882.000000  0.000000e+00       0.000000          0.0             0           0  0.000000e+00         0.0            0.000000            0.000000            0.000000            0.000000      0.000000        0.000000  58343.000000  0.000000e+00       0.000000          0.0             0           0  0.000000e+00
96        0   96  40.00  1.713236         0.0           13.660000           13.660000           13.660000           13.660000    -11.946764   -10752.087642  60129.912358  0.000000e+00       0.000000          0.0             0           0  0.000000e+00         0.0            0.000000            0.000000            0.000000            0.000000      0.000000        0.000000  58343.000000  0.000000e+00       0.000000          0.0             0           0  0.000000e+00
97        0   97  45.02  1.709911         0.0           13.660000           13.660000           13.660000           13.660000    -11.950089   -10755.080387  49374.831971  4.600000e+00      13.660000          2.0             2           0  5.177300e+01         0.0            0.000000            0.000000            0.000000            0.000000     13.660000    12294.000000  58343.000000  0.000000e+00       0.000000          0.0             0           0  0.000000e+00
98        0   98  45.02  1.707967         0.0           13.660000           13.660000           13.660000           13.660000    -11.952033   -10756.830098  38618.001873  4.600000e+00      13.660000          2.0             0           0  5.177300e+01         0.0            0.000000            0.000000            0.000000            0.000000     13.660000    12294.000000  58343.000000  0.000000e+00       0.000000          0.0             0           0  0.000000e+00

