==== Solution details ====

Solved river basin instance between 2020-12-01 05:45 and 2020-12-02 05:30.
The instance was solved at 2023-05-15 10:43 with the PSO algorithm.

---- Solver configuration ----

Configuration:
{
  "volume_objectives": {
    "dam1": 59627.42324,
    "dam2": 31010.43613642857
  },
  "volume_shortage_penalty": 3,
  "volume_exceedance_bonus": 0.1,
  "startups_penalty": 50,
  "limit_zones_penalty": 50,
  "use_relvars": false,
  "max_relvar": 0.5,
  "flow_smoothing": 0
}

Parameters and other information:
{}

---- Objective function ----

Objective function values:
{
  "income": 2812.6244993552573,
  "startups": 0.0,
  "times_in_limit": 0.0,
  "dam1_shortage": 0.0,
  "dam1_exceedance": 6398.752361068015,
  "dam2_shortage": 0.0,
  "dam2_exceedance": 27332.56386357143
}

Objective function (to maximize):
6185.756121819202

---- River basin history ----

   scenario time  price  incoming  dam1_unreg  dam1_flow_assigned  dam1_flow_smoothed  dam1_flow_clipped1  dam1_flow_clipped2  dam1_netflow  dam1_volchange      dam1_vol  dam1_power  dam1_turbined  dam1_turbined_aprox  dam1_groups dam1_startups dam1_limits  dam1_income  dam2_unreg  dam2_flow_assigned  dam2_flow_smoothed  dam2_flow_clipped1  dam2_flow_clipped2  dam2_netflow  dam2_volchange      dam2_vol  dam2_power  dam2_turbined  dam2_turbined_aprox  dam2_groups dam2_startups dam2_limits  dam2_income
0         0    0  38.98  1.716063         0.0             1.43000             1.43000             1.43000             1.43000      0.286063      257.457018  58244.595196    0.785271       3.418695             3.087894          1.0             0           0     7.652466         0.0            2.380640            2.380640            2.380640            2.380640      1.038054      934.248612  18397.416044    2.021856       3.640086             2.895897          1.0             0           0    19.702987
1         0    1  46.36  1.722484         0.0             1.43000             1.43000             1.43000             1.43000      0.292484      263.235552  58507.830748    0.627782       3.173964             1.430000          1.0             0           0     7.275997         0.0            2.380640            2.380640            2.380640            2.380640      0.793323      713.991082  19111.407125    2.047393       3.655496             2.884962          1.0             0           0    23.729285
2         0    2  46.36  1.715182         0.0             1.43000             1.43000             1.43000             1.43000      0.285182      256.663534  58764.494282    0.494879       2.967438             1.430000          1.0             0           0     5.735651         0.0            2.380640            2.380640            2.380640            2.380640      0.586798      528.118004  19639.525129    2.047236       3.655401             2.875971          1.0             0           0    23.727466
3         0    3  46.36  1.712510         0.0             1.43000             1.43000             1.43000             1.43000      0.282510      254.259294  59018.753576    0.494879       2.967438             1.430000          1.0             0           0     5.735651         0.0            0.000000            0.000000            0.000000            0.000000      2.967438     2670.694451  22310.219581    1.836313       3.528120             2.706366          1.0             0           0    21.282873
4         0    4  46.36  1.714548         0.0             1.43000             1.43000             1.43000             1.43000      0.284548      256.093175  59274.846751    0.494879       2.967438             1.430000          1.0             0           0     5.735651         0.0            0.000000            0.000000            0.000000            0.000000      2.967438     2670.694451  24980.914032    1.772165       3.489410             2.541898          1.0             0           0    20.539388
5         0    5  55.00  1.711874         0.0             1.43000             1.43000             1.43000             1.43000      0.281874      253.687003  59528.533755    0.494879       2.967438             1.430000          1.0             0           0     6.804590         0.0            0.000000            0.000000            0.000000            0.000000      2.967438     2670.694451  27651.608483    1.754367       3.478670             2.380640          1.0             0           0    24.122547
6         0    6  55.00  1.718184         0.0             1.43000             1.43000             1.43000             1.43000      0.288184      259.365494  59787.899248    0.494879       2.967438             1.430000          1.0             0           0     6.804590         0.0            0.000000            0.000000            0.000000            0.000000      2.967438     2670.694451  30322.302934    1.659915       3.421673             1.587094          1.0             0           0    22.823836
7         0    7  55.00  1.703152         0.0             1.43000             1.43000             1.43000             1.43000      0.273152      245.837078  60033.736327    0.494879       2.967438             1.430000          1.0             0           0     6.804590         0.0            0.000000            0.000000            0.000000            0.000000      2.967438     2670.694451  32992.997385    1.600819       3.386011             0.793547          1.0             0           0    22.011259
8         0    8  55.00  1.696537         0.0             1.43000             1.43000             1.43000             1.43000      0.266537      239.883045  60273.619371    0.494879       2.967438             1.430000          1.0             0           0     6.804590         0.0            0.000000            0.000000            0.000000            0.000000      2.967438     2670.694451  35663.691837    1.643160       3.411562             0.000000          1.0             0           0    22.593451
9         0    9  58.03  1.699367         0.0             1.43000             1.43000             1.43000             1.43000      0.269367      242.430005  60516.049377    0.494879       2.967438             1.430000          1.0             0           0     7.179461         0.0            0.000000            0.000000            0.000000            0.000000      2.967438     2670.694451  38334.386288    1.026912       3.039688             0.000000          1.0             0           0    14.897929
10        0   10  58.03  1.704904         0.0             1.43000             1.43000             1.43000             1.43000      0.274904      247.413175  60763.462552    0.494879       2.967438             1.430000          1.0             0           0     7.179461         0.0            0.000000            0.000000            0.000000            0.000000      2.967438     2670.694451  41005.080739    1.026912       3.039688             0.000000          1.0             0           0    14.897929
11        0   11  58.03  1.710453         0.0             1.43000             1.43000             1.43000             1.43000      0.280453      252.407336  61015.869888    0.494879       2.967438             1.430000          1.0             0           0     7.179461         0.0            0.000000            0.000000            0.000000            0.000000      2.967438     2670.694451  43675.775190    1.026912       3.039688             0.000000          1.0             0           0    14.897929
12        0   12  58.03  1.725923         0.0             1.43000             1.43000             1.43000             1.43000      0.295923      266.330440  61282.200328    0.494879       2.967438             1.430000          1.0             0           0     7.179461         0.0            0.000000            0.000000            0.000000            0.000000      2.967438     2670.694451  46346.469641    1.026912       3.039688             0.000000          1.0             0           0    14.897929
13        0   13  57.75  1.716043         0.0             1.43000             1.43000             1.43000             1.43000      0.286043      257.438509  61539.638836    0.494879       2.967438             1.430000          1.0             0           0     7.144819         0.0            0.000000            0.000000            0.000000            0.000000      2.967438     2670.694451  49017.164093    1.026912       3.039688             0.000000          1.0             0           0    14.826045
14        0   14  57.75  1.709269         0.0             1.43000             1.43000             1.43000             1.43000      0.279269      251.342530  61790.981366    0.494879       2.967438             1.430000          1.0             0           0     7.144819         0.0            0.000000            0.000000            0.000000            0.000000      2.967438     2670.694451  51687.858544    1.026912       3.039688             0.000000          1.0             0           0    14.826045
15        0   15  57.75  1.706108         0.0             1.43000             1.43000             1.43000             1.43000      0.276108      248.497486  62039.478852    0.494879       2.967438             1.430000          1.0             0           0     7.144819         0.0            0.000000            0.000000            0.000000            0.000000      2.967438     2670.694451  54358.552995    1.026912       3.039688             0.000000          1.0             0           0    14.826045
16        0   16  57.75  1.705775         0.0             1.43000             1.43000             1.43000             1.43000      0.275775      248.197351  62287.676203    0.494879       2.967438             1.430000          1.0             0           0     7.144819         0.0            0.000000            0.000000            0.000000            0.000000      2.967438     2670.694451  57029.247446    1.026912       3.039688             0.000000          1.0             0           0    14.826045
17        0   17  55.84  1.698334         0.0             1.43000             1.43000             1.43000             1.43000      0.268334      241.500346  62529.176549    0.494879       2.967438             1.430000          1.0             0           0     6.908515         0.0            0.000000            0.000000            0.000000            0.000000      2.967438     2670.694451  58343.000000    1.026912       3.039688             0.000000          1.0             0           0    14.335694
18        0   18  55.84  1.691015         0.0             1.43000             1.43000             1.43000             1.43000      0.261015      234.913521  62764.090070    0.494879       2.967438             1.430000          1.0             0           0     6.908515         0.0            0.000000            0.000000            0.000000            0.000000      2.967438     2670.694451  58343.000000    1.026912       3.039688             0.000000          1.0             0           0    14.335694
19        0   19  55.84  1.687190         0.0             1.43000             1.43000             1.43000             1.43000      0.257190      231.471056  62995.561126    0.494879       2.967438             1.430000          1.0             0           0     6.908515         0.0            0.000000            0.000000            0.000000            0.000000      2.967438     2670.694451  58343.000000    1.026912       3.039688             0.000000          1.0             0           0    14.335694
20        0   20  55.84  1.700962         0.0             1.43000             1.43000             1.43000             1.43000      0.270962      243.865693  63239.426819    0.494879       2.967438             1.430000          1.0             0           0     6.908515         0.0            0.000000            0.000000            0.000000            0.000000      2.967438     2670.694451  58343.000000    1.026912       3.039688             0.000000          1.0             0           0    14.335694
21        0   21  55.01  1.696635         0.0             1.43000             1.43000             1.43000             1.43000      0.266635      239.971487  63479.398306    0.494879       2.967438             1.430000          1.0             0           0     6.805827         0.0            0.000000            0.000000            0.000000            0.000000      2.967438     2670.694451  58343.000000    1.026912       3.039688             0.000000          1.0             0           0    14.122610
22        0   22  55.01  1.706543         0.0             1.43000             1.43000             1.43000             1.43000      0.276543      248.889067  63728.287373    0.494879       2.967438             1.430000          1.0             0           0     6.805827         0.0            0.000000            0.000000            0.000000            0.000000      2.967438     2670.694451  58343.000000    1.026912       3.039688             0.000000          1.0             0           0    14.122610
23        0   23  55.01  1.702309         0.0             1.43000             1.43000             1.43000             1.43000      0.272309      245.078228  63973.365601    0.494879       2.967438             1.430000          1.0             0           0     6.805827         0.0            0.000000            0.000000            0.000000            0.000000      2.967438     2670.694451  58343.000000    1.026912       3.039688             0.000000          1.0             0           0    14.122610
24        0   24  55.01  1.696240         0.0             1.43000             1.43000             1.43000             1.43000      0.266240      239.616109  64212.981709    0.494879       2.967438             1.430000          1.0             0           0     6.805827         0.0            0.000000            0.000000            0.000000            0.000000      2.967438     2670.694451  58343.000000    1.026912       3.039688             0.000000          1.0             0           0    14.122610
25        0   25  54.23  1.702308         0.0             1.43000             1.43000             1.43000             1.43000      0.272308      245.077071  64458.058780    0.494879       2.967438             1.430000          1.0             0           0     6.709326         0.0            0.000000            0.000000            0.000000            0.000000      2.967438     2670.694451  58343.000000    1.026912       3.039688             0.000000          1.0             0           0    13.922362
26        0   26  54.23  1.719046         0.0             1.43000             1.43000             1.43000             1.43000      0.289046      260.141514  64718.200293    0.494879       2.967438             1.430000          1.0             0           0     6.709326         0.0            0.000000            0.000000            0.000000            0.000000      2.967438     2670.694451  58343.000000    1.026912       3.039688             0.000000          1.0             0           0    13.922362
27        0   27  54.23  1.702772         0.0             1.43000             1.43000             1.43000             1.43000      0.272772      245.495222  64963.695515    0.494879       2.967438             1.430000          1.0             0           0     6.709326         0.0            0.000000            0.000000            0.000000            0.000000      2.967438     2670.694451  58343.000000    1.026912       3.039688             0.000000          1.0             0           0    13.922362
28        0   28  54.23  1.698546         0.0             1.43000             1.43000             1.43000             1.43000      0.268546      241.691790  65205.387305    0.494879       2.967438             1.430000          1.0             0           0     6.709326         0.0            0.000000            0.000000            0.000000            0.000000      2.967438     2670.694451  58343.000000    1.026912       3.039688             0.000000          1.0             0           0    13.922362
29        0   29  54.22  1.695975         0.0             1.43000             1.43000             1.43000             1.43000      0.265975      239.377616  65444.764921    0.494879       2.967438             1.430000          1.0             0           0     6.708088         0.0            0.000000            0.000000            0.000000            0.000000      2.967438     2670.694451  58343.000000    1.026912       3.039688             0.000000          1.0             0           0    13.919795
30        0   30  54.22  1.712328         0.0             1.43000             1.43000             1.43000             1.43000      0.282328      254.095385  65698.860306    0.494879       2.967438             1.430000          1.0             0           0     6.708088         0.0            0.000000            0.000000            0.000000            0.000000      2.967438     2670.694451  58343.000000    1.026912       3.039688             0.000000          1.0             0           0    13.919795
31        0   31  54.22  1.710318         0.0             1.43000             1.43000             1.43000             1.43000      0.280318      252.286161  65951.146467    0.494879       2.967438             1.430000          1.0             0           0     6.708088         0.0            0.000000            0.000000            0.000000            0.000000      2.967438     2670.694451  58343.000000    1.026912       3.039688             0.000000          1.0             0           0    13.919795
32        0   32  54.22  1.704362         0.0             1.43000             1.43000             1.43000             1.43000      0.274362      246.925524  66198.071991    0.494879       2.967438             1.430000          1.0             0           0     6.708088         0.0            0.000000            0.000000            0.000000            0.000000      2.967438     2670.694451  58343.000000    1.026912       3.039688             0.000000          1.0             0           0    13.919795
33        0   33  51.10  1.697914         0.0             1.43000             1.43000             1.43000             1.43000      0.267914      241.122279  66439.194270    0.494879       2.967438             1.430000          1.0             0           0     6.322083         0.0            0.703333            0.703333            0.703333            0.703333      2.264105     2037.694451  58343.000000    1.026912       3.039688             0.000000          1.0             0           0    13.118803
34        0   34  51.10  1.703363         0.0             1.43000             1.43000             1.43000             1.43000      0.273363      246.026637  66685.220907    0.494879       2.967438             1.430000          1.0             0           0     6.322083         0.0            0.703333            0.703333            0.703333            0.703333      2.264105     2037.694451  58343.000000    1.026912       3.039688             0.000000          1.0             0           0    13.118803
35        0   35  51.10  1.696128         0.0             1.43000             1.43000             1.43000             1.43000      0.266128      239.515294  66924.736201    0.494879       2.967438             1.430000          1.0             0           0     6.322083         0.0            0.703333            0.703333            0.703333            0.703333      2.264105     2037.694451  58343.000000    1.026912       3.039688             0.000000          1.0             0           0    13.118803
36        0   36  51.10  1.687047         0.0             1.43000             1.43000             1.43000             1.43000      0.257047      231.342630  67156.078831    0.494879       2.967438             1.430000          1.0             0           0     6.322083         0.0            0.703333            0.703333            0.703333            0.703333      2.264105     2037.694451  58343.000000    1.026912       3.039688             0.234444          1.0             0           0    13.118803
37        0   37  50.14  1.695246         0.0             1.43000             1.43000             1.43000             1.43000      0.265246      238.721057  67394.799888    0.494879       2.967438             1.430000          1.0             0           0     6.203312         0.0            4.520000            4.520000            4.520000            4.520000     -1.552562    -1397.305549  56945.694451    1.026912       3.039688             0.468889          1.0             0           0    12.872344
38        0   38  50.14  1.689812         0.0             1.43000             1.43000             1.43000             1.43000      0.259812      233.831026  67628.630914    0.494879       2.967438             1.430000          1.0             0           0     6.203312         0.0            4.520000            4.520000            4.520000            4.520000     -1.552562    -1397.305549  55548.388902    1.026912       3.039688             0.703333          1.0             0           0    12.872344
39        0   39  50.14  1.696387         0.0             1.43000             1.43000             1.43000             1.43000      0.266387      239.748655  67868.379569    0.494879       2.967438             1.430000          1.0             0           0     6.203312         0.0            4.520000            4.520000            4.520000            4.520000     -1.552562    -1397.305549  54151.083354    1.026912       3.039688             0.703333          1.0             0           0    12.872344
40        0   40  50.14  1.697163         0.0             1.43000             1.43000             1.43000             1.43000      0.267163      240.446806  68108.826374    0.494879       2.967438             1.430000          1.0             0           0     6.203312         0.0            4.520000            4.520000            4.520000            4.520000     -1.552562    -1397.305549  52753.777805    1.114423       3.092497             1.975556          1.0             0           0    13.969298
41        0   41  50.97  1.703389         0.0             1.43000             1.43000             1.43000             1.43000      0.273389      246.050241  68354.876615    0.494879       2.967438             1.430000          1.0             0           0     6.305999         0.0            4.520000            4.520000            4.520000            4.520000     -1.552562    -1397.305549  51356.472256    1.637059       3.407881             3.247778          1.0             0           0    20.860226
42        0   42  50.97  1.691083         0.0             1.43000             1.43000             1.43000             1.43000      0.261083      234.974948  68589.851564    0.494879       2.967438             1.430000          1.0             0           0     6.305999         0.0            4.520000            4.520000            4.520000            4.520000     -1.552562    -1397.305549  49959.166707    2.772138       4.092842             4.520000          1.0             0           0    35.323965
43        0   43  50.97  1.683964         0.0             1.43000             1.43000             1.43000             1.43000      0.253964      228.567313  68818.418877    0.494879       2.967438             1.430000          1.0             0           0     6.305999         0.0            4.520000            4.520000            4.520000            4.520000     -1.552562    -1397.305549  48561.861159    3.083345       4.280639             4.520000          1.0             0           0    39.289528
44        0   44  50.97  1.685941         0.0             1.43000             1.43000             1.43000             1.43000      0.255941      230.347175  69048.766051    0.494879       2.967438             1.430000          1.0             0           0     6.305999         0.0            4.520000            4.520000            4.520000            4.520000     -1.552562    -1397.305549  47164.555610    3.083345       4.280639             4.520000          1.0             0           0    39.289528
45        0   45  54.51  1.682961         0.0             1.43000             1.43000             1.43000             1.43000      0.252961      227.665037  69276.431089    0.494879       2.967438             1.430000          1.0             0           0     6.743967         0.0            4.520000            4.520000            4.520000            4.520000     -1.552562    -1397.305549  45767.250061    3.083345       4.280639             4.520000          1.0             0           0    42.018288
46        0   46  54.51  1.701438         0.0             1.43000             1.43000             1.43000             1.43000      0.271438      244.294117  69520.725206    0.494879       2.967438             1.430000          1.0             0           0     6.743967         0.0            4.520000            4.520000            4.520000            4.520000     -1.552562    -1397.305549  44369.944512    3.083345       4.280639             4.520000          1.0             0           0    42.018288
47        0   47  54.51  1.689563         0.0             1.43000             1.43000             1.43000             1.43000      0.259563      233.606953  69754.332159    0.494879       2.967438             1.430000          1.0             0           0     6.743967         0.0            4.520000            4.520000            4.520000            4.520000     -1.552562    -1397.305549  42972.638963    3.083345       4.280639             4.520000          1.0             0           0    42.018288
48        0   48  54.51  1.703357         0.0             4.83005             4.83005             4.83005             4.83005     -3.126693    -2814.024035  66940.308123    0.494879       2.967438             1.430000          1.0             0           0     6.743967         0.0            4.520000            4.520000            4.520000            4.520000     -1.552562    -1397.305549  41575.333415    3.083345       4.280639             4.520000          1.0             0           0    42.018288
49        0   49  57.58  1.724968         0.0             4.83005             4.83005             4.83005             4.83005     -3.105082    -2794.573929  64145.734195    1.744744       4.909673             4.830050          1.0             0           0    25.115584         0.0            4.520000            4.520000            4.520000            4.520000      0.389673      350.706136  41926.039550    3.083345       4.280639             4.520000          1.0             0           0    44.384756
50        0   50  57.58  1.695181         0.0             4.83005             4.83005             4.83005             4.83005     -3.134870    -2821.382616  61324.351578    1.674917       4.801165             4.830050          1.0             0           0    24.110424         0.0            4.520000            4.520000            4.520000            4.520000      0.281165      253.048813  42179.088363    3.083345       4.280639             4.520000          1.0             0           0    44.384756
51        0   51  57.58  1.683628         0.0             4.83005             4.83005             4.83005             4.83005     -3.146422    -2831.779821  58492.571757    1.674917       4.801165             4.830050          1.0             0           0    24.110424         0.0            4.520000            4.520000            4.520000            4.520000      0.281165      253.048813  42432.137176    3.083345       4.280639             4.520000          1.0             0           0    44.384756
52        0   52  57.58  1.695249         0.0             4.98000             4.98000             4.98000             4.98000     -3.284751    -2956.275517  55536.296239    1.674917       4.801165             4.830050          1.0             0           0    24.110424         0.0            4.520000            4.520000            4.520000            4.520000      0.281165      253.048813  42685.185989    3.083345       4.280639             4.520000          1.0             0           0    44.384756
53        0   53  57.75  1.700100         0.0             4.98000             4.98000             4.98000             4.98000     -3.279900    -2951.910393  52584.385847    1.712061       4.858886             4.980000          1.0             0           0    24.717878         0.0            4.520000            4.520000            4.520000            4.520000      0.338886      304.997309  42990.183299    3.083345       4.280639             4.520000          1.0             0           0    44.515798
54        0   54  57.75  1.670968         0.0             4.98000             4.98000             4.98000             4.98000     -3.309032    -2978.128961  49606.256886    1.754081       4.924184             4.980000          1.0             0           0    25.324549         0.0            4.520000            4.520000            4.520000            4.520000      0.404184      363.765550  43353.948849    3.083345       4.280639             4.520000          1.0             0           0    44.515798
55        0   55  57.75  1.663505         0.0             4.98000             4.98000             4.98000             4.98000     -3.316495    -2984.845293  46621.411592    1.754081       4.924184             4.980000          1.0             0           0    25.324549         0.0            4.520000            4.520000            4.520000            4.520000      0.404184      363.765550  43717.714399    3.083345       4.280639             4.520000          1.0             0           0    44.515798
56        0   56  57.75  1.675680         0.0             4.98000             4.98000             4.98000             4.98000     -3.304320    -2973.888200  43647.523393    1.754081       4.924184             4.980000          1.0             0           0    25.324549         0.0            4.421300            4.421300            4.421300            4.421300      0.502884      452.595153  44170.309552    3.083345       4.280639             4.520000          1.0             0           0    44.515798
57        0   57  57.66  1.697731         0.0             1.43000             1.43000             1.43000             1.43000      0.267731      240.958100  43888.481493    1.754081       4.924184             4.980000          1.0             0           0    25.285082         0.0            4.421300            4.421300            4.421300            4.421300      0.502884      452.595153  44622.904705    3.083345       4.280639             4.520000          1.0             0           0    44.446423
58        0   58  57.66  1.707071         0.0             1.43000             1.43000             1.43000             1.43000      0.277071      249.364133  44137.845626    0.880644       3.566900             1.430000          1.0             0           0    12.694486         0.0            4.421300            4.421300            4.421300            4.421300     -0.854400     -768.960135  43853.944570    3.083345       4.280639             4.520000          1.0             0           0    44.446423
59        0   59  57.66  1.689723         0.0             1.43000             1.43000             1.43000             1.43000      0.259723      233.750534  44371.596160    0.494879       2.967438             1.430000          1.0             0           0     7.133685         0.0            4.421300            4.421300            4.421300            4.421300     -1.453862    -1308.475946  42545.468624    3.132731       4.310441             4.487100          1.0             0           0    45.158324
60        0   60  57.66  1.698802         0.0             1.43000             1.43000             1.43000             1.43000      0.268802      241.921914  44613.518074    0.494879       2.967438             1.430000          1.0             0           0     7.133685         0.0            0.000000            0.000000            0.000000            0.000000      2.967438     2670.694451  45216.163075    3.142521       4.316349             4.454200          1.0             0           0    45.299442
61        0   61  53.25  1.684356         0.0             1.43000             1.43000             1.43000             1.43000      0.254356      228.920211  44842.438285    0.494879       2.967438             1.430000          1.0             0           0     6.588080         0.0            0.000000            0.000000            0.000000            0.000000      2.967438     2670.694451  47886.857526    3.137582       4.313368             4.421300          1.0             0           0    41.769056
62        0   62  53.25  1.697492         0.0             1.43000             1.43000             1.43000             1.43000      0.267492      240.743065  45083.181349    0.494879       2.967438             1.430000          1.0             0           0     6.588080         0.0            0.000000            0.000000            0.000000            0.000000      2.967438     2670.694451  50557.551978    3.123748       4.305020             4.421300          1.0             0           0    41.584890
63        0   63  53.25  1.697220         0.0             1.43000             1.43000             1.43000             1.43000      0.267220      240.497598  45323.678948    0.494879       2.967438             1.430000          1.0             0           0     6.588080         0.0            0.000000            0.000000            0.000000            0.000000      2.967438     2670.694451  53228.246429    3.094572       4.287414             2.947534          1.0             0           0    41.196487
64        0   64  53.25  1.700582         0.0             1.43000             1.43000             1.43000             1.43000      0.270582      243.523625  45567.202572    0.494879       2.967438             1.430000          1.0             0           0     6.588080         0.0            0.000000            0.000000            0.000000            0.000000      2.967438     2670.694451  55898.940880    1.935071       3.587715             1.473767          1.0             0           0    25.760630
65        0   65  50.16  1.700629         0.0             1.43000             1.43000             1.43000             1.43000      0.270629      243.566401  45810.768974    0.494879       2.967438             1.430000          1.0             0           0     6.205786         0.0            0.000000            0.000000            0.000000            0.000000      2.967438     2670.694451  58343.000000    1.779642       3.493922             0.000000          1.0             0           0    22.316709
66        0   66  50.16  1.698220         0.0             1.43000             1.43000             1.43000             1.43000      0.268220      241.398097  46052.167070    0.494879       2.967438             1.430000          1.0             0           0     6.205786         0.0            0.000000            0.000000            0.000000            0.000000      2.967438     2670.694451  58343.000000    1.026912       3.039688             0.000000          1.0             0           0    12.877479
67        0   67  50.16  1.698896         0.0             1.43000             1.43000             1.43000             1.43000      0.268896      242.006063  46294.173133    0.494879       2.967438             1.430000          1.0             0           0     6.205786         0.0            0.000000            0.000000            0.000000            0.000000      2.967438     2670.694451  58343.000000    1.026912       3.039688             0.000000          1.0             0           0    12.877479
68        0   68  50.16  1.698240         0.0             1.43000             1.43000             1.43000             1.43000      0.268240      241.416240  46535.589374    0.494879       2.967438             1.430000          1.0             0           0     6.205786         0.0            0.000000            0.000000            0.000000            0.000000      2.967438     2670.694451  58343.000000    1.026912       3.039688             0.000000          1.0             0           0    12.877479
69        0   69  47.13  1.696857         0.0             1.43000             1.43000             1.43000             1.43000      0.266857      240.171526  46775.760899    0.494879       2.967438             1.430000          1.0             0           0     5.830915         0.0            0.000000            0.000000            0.000000            0.000000      2.967438     2670.694451  58343.000000    1.026912       3.039688             0.000000          1.0             0           0    12.099593
70        0   70  47.13  1.693752         0.0             1.43000             1.43000             1.43000             1.43000      0.263752      237.377222  47013.138121    0.494879       2.967438             1.430000          1.0             0           0     5.830915         0.0            0.000000            0.000000            0.000000            0.000000      2.967438     2670.694451  58343.000000    1.026912       3.039688             0.000000          1.0             0           0    12.099593
71        0   71  47.13  1.703016         0.0             1.43000             1.43000             1.43000             1.43000      0.273016      245.714146  47258.852267    0.494879       2.967438             1.430000          1.0             0           0     5.830915         0.0            0.000000            0.000000            0.000000            0.000000      2.967438     2670.694451  58343.000000    1.026912       3.039688             0.000000          1.0             0           0    12.099593
72        0   72  47.13  1.702782         0.0             1.43000             1.43000             1.43000             1.43000      0.272782      245.504031  47504.356297    0.494879       2.967438             1.430000          1.0             0           0     5.830915         0.0            0.000000            0.000000            0.000000            0.000000      2.967438     2670.694451  58343.000000    1.026912       3.039688             0.000000          1.0             0           0    12.099593
73        0   73  48.01  1.694114         0.0             1.43000             1.43000             1.43000             1.43000      0.264114      237.702811  47742.059109    0.494879       2.967438             1.430000          1.0             0           0     5.939788         0.0            0.000000            0.000000            0.000000            0.000000      2.967438     2670.694451  58343.000000    1.026912       3.039688             0.000000          1.0             0           0    12.325514
74        0   74  48.01  1.702478         0.0             1.43000             1.43000             1.43000             1.43000      0.272478      245.230365  47987.289474    0.494879       2.967438             1.430000          1.0             0           0     5.939788         0.0            0.000000            0.000000            0.000000            0.000000      2.967438     2670.694451  58343.000000    1.026912       3.039688             0.000000          1.0             0           0    12.325514
75        0   75  48.01  1.710618         0.0             1.43000             1.43000             1.43000             1.43000      0.280618      252.556393  48239.845867    0.494879       2.967438             1.430000          1.0             0           0     5.939788         0.0            0.000000            0.000000            0.000000            0.000000      2.967438     2670.694451  58343.000000    1.026912       3.039688             0.000000          1.0             0           0    12.325514
76        0   76  48.01  1.699476         0.0             1.43000             1.43000             1.43000             1.43000      0.269476      242.528813  48482.374680    0.494879       2.967438             1.430000          1.0             0           0     5.939788         0.0            0.000000            0.000000            0.000000            0.000000      2.967438     2670.694451  58343.000000    1.026912       3.039688             0.000000          1.0             0           0    12.325514
77        0   77  46.27  1.691449         0.0             1.43000             1.43000             1.43000             1.43000      0.261449      235.303765  48717.678445    0.494879       2.967438             1.430000          1.0             0           0     5.724516         0.0            0.000000            0.000000            0.000000            0.000000      2.967438     2670.694451  58343.000000    1.026912       3.039688             0.000000          1.0             0           0    11.878807
78        0   78  46.27  1.696457         0.0             1.43000             1.43000             1.43000             1.43000      0.266457      239.811331  48957.489776    0.494879       2.967438             1.430000          1.0             0           0     5.724516         0.0            0.000000            0.000000            0.000000            0.000000      2.967438     2670.694451  58343.000000    1.026912       3.039688             0.000000          1.0             0           0    11.878807
79        0   79  46.27  1.695484         0.0             1.43000             1.43000             1.43000             1.43000      0.265484      238.935759  49196.425535    0.494879       2.967438             1.430000          1.0             0           0     5.724516         0.0            0.000000            0.000000            0.000000            0.000000      2.967438     2670.694451  58343.000000    1.026912       3.039688             0.000000          1.0             0           0    11.878807
80        0   80  46.27  1.708098         0.0             1.43000             1.43000             1.43000             1.43000      0.278098      250.288061  49446.713596    0.494879       2.967438             1.430000          1.0             0           0     5.724516         0.0            0.000000            0.000000            0.000000            0.000000      2.967438     2670.694451  58343.000000    1.026912       3.039688             0.000000          1.0             0           0    11.878807
81        0   81  43.97  1.715371         0.0             1.43000             1.43000             1.43000             1.43000      0.285371      256.834101  49703.547697    0.494879       2.967438             1.430000          1.0             0           0     5.439960         0.0            0.000000            0.000000            0.000000            0.000000      2.967438     2670.694451  58343.000000    1.026912       3.039688             0.000000          1.0             0           0    11.288332
82        0   82  43.97  1.711246         0.0             1.43000             1.43000             1.43000             1.43000      0.281246      253.121435  49956.669133    0.494879       2.967438             1.430000          1.0             0           0     5.439960         0.0            0.000000            0.000000            0.000000            0.000000      2.967438     2670.694451  58343.000000    1.026912       3.039688             0.000000          1.0             0           0    11.288332
83        0   83  43.97  1.700836         0.0             1.43000             1.43000             1.43000             1.43000      0.270836      243.752566  50200.421699    0.494879       2.967438             1.430000          1.0             0           0     5.439960         0.0            0.000000            0.000000            0.000000            0.000000      2.967438     2670.694451  58343.000000    1.026912       3.039688             0.000000          1.0             0           0    11.288332
84        0   84  43.97  1.705294         0.0             1.43000             1.43000             1.43000             1.43000      0.275294      247.764602  50448.186301    0.494879       2.967438             1.430000          1.0             0           0     5.439960         0.0            0.000000            0.000000            0.000000            0.000000      2.967438     2670.694451  58343.000000    1.026912       3.039688             0.000000          1.0             0           0    11.288332
85        0   85  41.03  1.703985         0.0             1.43000             1.43000             1.43000             1.43000      0.273985      246.586544  50694.772845    0.494879       2.967438             1.430000          1.0             0           0     5.076224         0.0            0.000000            0.000000            0.000000            0.000000      2.967438     2670.694451  58343.000000    1.026912       3.039688             0.000000          1.0             0           0    10.533552
86        0   86  41.03  1.697061         0.0             0.00000             0.00000             0.00000             0.00000      1.697061     1527.354642  52222.127486    0.494879       2.967438             1.430000          1.0             0           0     5.076224         0.0            0.000000            0.000000            0.000000            0.000000      2.967438     2670.694451  58343.000000    1.026912       3.039688             0.000000          1.0             0           0    10.533552
87        0   87  41.03  1.704460         0.0             0.00000             0.00000             0.00000             0.00000      1.704460     1534.013904  53756.141390    0.494879       2.967438             0.000000          1.0             0           0     5.076224         0.0            0.000000            0.000000            0.000000            0.000000      2.967438     2670.694451  58343.000000    1.026912       3.039688             0.000000          1.0             0           0    10.533552
88        0   88  41.03  1.698379         0.0             0.00000             0.00000             0.00000             0.00000      1.698379     1528.541521  55284.682911    0.494879       2.967438             0.000000          1.0             0           0     5.076224         0.0            0.000000            0.000000            0.000000            0.000000      2.967438     2670.694451  58343.000000    1.026912       3.039688             0.000000          1.0             0           0    10.533552
89        0   89  37.00  1.699193         0.0             0.00000             0.00000             0.00000             0.00000      1.699193     1529.273344  56813.956255    0.494879       2.967438             0.000000          1.0             0           0     4.577633         0.0            0.000000            0.000000            0.000000            0.000000      2.967438     2670.694451  58343.000000    1.026912       3.039688             0.000000          1.0             0           0     9.498938
90        0   90  37.00  1.691736         0.0             0.00000             0.00000             0.00000             0.00000      1.691736     1522.562315  58336.518570    0.494879       2.967438             0.000000          1.0             0           0     4.577633         0.0            0.000000            0.000000            0.000000            0.000000      2.967438     2670.694451  58343.000000    1.026912       3.039688             0.000000          1.0             0           0     9.498938
91        0   91  37.00  1.706342         0.0             0.00000             0.00000             0.00000             0.00000      1.706342     1535.708094  59872.226664    0.494879       2.967438             0.000000          1.0             0           0     4.577633         0.0            0.000000            0.000000            0.000000            0.000000      2.967438     2670.694451  58343.000000    1.026912       3.039688             0.000000          1.0             0           0     9.498938
92        0   92  37.00  1.710375         0.0             0.00000             0.00000             0.00000             0.00000      1.710375     1539.337321  61411.563984    0.494879       2.967438             0.000000          1.0             0           0     4.577633         0.0            0.000000            0.000000            0.000000            0.000000      2.967438     2670.694451  58343.000000    1.026912       3.039688             0.000000          1.0             0           0     9.498938
93        0   93  40.00  1.704342         0.0             0.00000             0.00000             0.00000             0.00000      1.704342     1533.907483  62945.471467    0.494879       2.967438             0.000000          1.0             0           0     4.948793         0.0            0.000000            0.000000            0.000000            0.000000      2.967438     2670.694451  58343.000000    1.026912       3.039688             0.000000          1.0             0           0    10.269122
94        0   94  40.00  1.709800         0.0             0.00000             0.00000             0.00000             0.00000      1.709800     1538.819631  64484.291098    0.494879       2.967438             0.000000          1.0             0           0     4.948793         0.0            0.000000            0.000000            0.000000            0.000000      2.967438     2670.694451  58343.000000    1.026912       3.039688             0.000000          1.0             0           0    10.269122
95        0   95  40.00  1.713205         0.0             0.00000             0.00000             0.00000             0.00000      1.713205     1541.884503  66026.175601    0.494879       2.967438             0.000000          1.0             0           0     4.948793         0.0            0.000000            0.000000            0.000000            0.000000      2.967438     2670.694451  58343.000000    1.026912       3.039688             0.000000          1.0             0           0    10.269122
96        0   96  40.00  1.713236         0.0             0.00000             0.00000             0.00000             0.00000      1.713236     1541.912358  67568.087959    0.494879       2.967438             0.000000          1.0             0           0     4.948793         0.0            0.000000            0.000000            0.000000            0.000000      2.967438     2670.694451  58343.000000    1.026912       3.039688             0.000000          1.0             0           0    10.269122
97        0   97  45.02  1.709911         0.0             0.00000             0.00000             0.00000             0.00000      1.709911     1538.919613  69107.007573    0.494879       2.967438             0.000000          1.0             0           0     5.569866         0.0            0.000000            0.000000            0.000000            0.000000      2.967438     2670.694451  58343.000000    1.026912       3.039688             0.000000          1.0             0           0    11.557897
98        0   98  45.02  1.707967         0.0             0.00000             0.00000             0.00000             0.00000      1.707967     1537.169902  70644.177474    0.494879       2.967438             0.000000          1.0             0           0     5.569866         0.0            0.000000            0.000000            0.000000            0.000000      2.967438     2670.694451  58343.000000    1.026912       3.039688             0.000000          1.0             0           0    11.557897

