==== Solution details ====

Solved river basin instance between 2020-12-01 05:45 and 2020-12-02 05:30.
The instance was solved at 2023-05-16 18:15 with the PSO algorithm.

---- Solver configuration ----

Configuration:
{
  "volume_objectives": {
    "dam1": 59627.42324,
    "dam2": 31010.43613642857
  },
  "volume_shortage_penalty": 3,
  "volume_exceedance_bonus": 0.1,
  "startups_penalty": 50,
  "limit_zones_penalty": 50,
  "use_relvars": false,
  "max_relvar": 1,
  "flow_smoothing": 0,
  "mode": "linear"
}

Parameters and other information:
{}

---- Objective function ----

Objective function values:
{
  "income": 1541.5033182851505,
  "startups": 6.0,
  "times_in_limit": 1.0,
  "dam1_shortage": 0.0,
  "dam1_exceedance": 11254.576759995813,
  "dam2_shortage": 0.0,
  "dam2_exceedance": 27332.56386357143
}

Objective function (to maximize):
5050.217380641875

---- River basin history ----

   scenario time  price  incoming  dam1_unreg  dam1_flow_assigned  dam1_flow_smoothed  dam1_flow_clipped1  dam1_flow_clipped2  dam1_netflow  dam1_volchange      dam1_vol    dam1_power  dam1_turbined  dam1_groups dam1_startups dam1_limits   dam1_income  dam2_unreg  dam2_flow_assigned  dam2_flow_smoothed  dam2_flow_clipped1  dam2_flow_clipped2  dam2_netflow  dam2_volchange      dam2_vol  dam2_power  dam2_turbined  dam2_groups dam2_startups dam2_limits  dam2_income
0         0    0  38.98  1.716063         0.0            5.950000            5.950000            5.950000            5.950000     -4.233937    -3810.542982  54176.595196  5.723949e-01       3.087894          1.0             0           0  5.577988e+00         0.0            3.388366            3.388366            3.388366            3.388366     -0.300472     -270.424606  17192.742826    0.788630       2.895897          1.0             0           0     7.685196
1         0    1  46.36  1.722484         0.0            5.950000            5.950000            5.950000            5.950000     -4.227516    -3804.764448  50371.830748  2.140000e+00       5.950000          1.0             0           0  2.480260e+01         0.0            3.388366            3.388366            3.388366            3.388366      2.561634     2305.470561  19498.213387    0.770509       2.884962          1.0             0           0     8.930197
2         0    2  46.36  1.715182         0.0            5.950000            5.950000            5.950000            5.950000     -4.234818    -3811.336466  46560.494282  2.140000e+00       5.950000          1.0             0           0  2.480260e+01         0.0            3.388366            3.388366            3.388366            3.388366      2.561634     2305.470561  21803.683948    0.755610       2.875971          1.0             0           0     8.757518
3         0    3  46.36  1.712510         0.0            5.190805            5.190805            5.190805            5.190805     -3.478295    -3130.465518  43430.028764  2.140000e+00       5.950000          1.0             0           0  2.480260e+01         0.0            4.455783            4.455783            4.221559            4.221559      1.728441     1555.596993  23359.280941    1.031197       3.042274          1.0             0           0    11.951578
4         0    4  46.36  1.714548         0.0            5.190805            5.190805            5.190805            5.190805     -3.476257    -3128.631637  40301.397127  1.866064e+00       5.190805          1.0             0           0  2.162768e+01         0.0            4.455783            4.455783            4.455783            4.455783      0.735023      661.520432  24020.801373    1.315299       3.213715          1.0             0           0    15.244311
5         0    5  55.00  1.711874         0.0            5.190805            5.190805            5.190805            5.190805     -3.478931    -3131.037809  37170.359319  1.866064e+00       5.190805          1.0             0           0  2.565838e+01         0.0            4.455783            4.455783            4.455783            4.455783      0.735023      661.520432  24682.321805    1.604721       3.388366          1.0             0           0    22.064912
6         0    6  55.00  1.718184         0.0            5.190805            5.190805            5.190805            5.190805     -3.472621    -3125.359319  34045.000000  1.866064e+00       5.190805          1.0             0           0  2.565838e+01         0.0            4.455783            4.455783            4.455783            4.455783      0.735023      661.520432  25343.842237    2.064961       3.666097          1.0             0           0    28.393210
7         0    7  55.00  1.703152         0.0            0.983758            0.983758            0.983758            0.983758      0.719395      647.455186  34692.455186  1.866064e+00       5.190805          1.0             0           0  2.565838e+01         0.0            4.455783            4.455783            4.455783            4.455783      0.735023      661.520432  26005.362669    2.654581       4.021903          1.0             0           0    36.500493
8         0    8  55.00  1.696537         0.0            0.983758            0.983758            0.983758            0.983758      0.712779      641.501152  35333.956338  0.000000e+00       0.983758          0.0             0           0  0.000000e+00         0.0            3.394191            3.394191            3.394191            3.394191     -2.410434    -2169.390324  23835.972345    3.244202       4.377708          1.0             0           0    44.607777
9         0    9  58.03  1.699367         0.0            0.983758            0.983758            0.983758            0.983758      0.715609      644.048113  35978.004451  0.000000e+00       0.983758          0.0             0           0  0.000000e+00         0.0            3.394191            3.394191            3.394191            3.394191     -2.410434    -2169.390324  21666.582021    3.373583       4.455783          1.0             0           0    48.942251
10        0   10  58.03  1.704904         0.0            0.983758            0.983758            0.983758            0.983758      0.721146      649.031282  36627.035733  0.000000e+00       0.983758          0.0             0           0  0.000000e+00         0.0            3.394191            3.394191            3.394191            3.394191     -2.410434    -2169.390324  19497.191697    3.373583       4.455783          1.0             0           0    48.942251
11        0   11  58.03  1.710453         0.0            0.000000            0.000000            0.000000            0.000000      1.710453     1539.407336  38166.443069  0.000000e+00       0.983758          0.0             0           0  0.000000e+00         0.0            3.394191            3.394191            3.394191            3.394191     -2.410434    -2169.390324  17327.801373    2.787180       4.101919          1.0             0           0    40.435012
12        0   12  58.03  1.725923         0.0            0.000000            0.000000            0.000000            0.000000      1.725923     1553.330440  39719.773509  0.000000e+00       0.000000          0.0             0           0  0.000000e+00         0.0            0.000000            0.000000            0.000000            0.000000      0.000000        0.000000  17327.801373    2.200777       3.748055          1.0             0           0    31.927773
13        0   13  57.75  1.716043         0.0            0.000000            0.000000            0.000000            0.000000      1.716043     1544.438509  41264.212017  0.000000e+00       0.000000          0.0             0           0  0.000000e+00         0.0            0.000000            0.000000            0.000000            0.000000      0.000000        0.000000  17327.801373    1.614374       3.394191          1.0             0           0    23.307528
14        0   14  57.75  1.709269         0.0            0.000000            0.000000            0.000000            0.000000      1.709269     1538.342530  42802.554547  0.000000e+00       0.000000          0.0             0           0  0.000000e+00         0.0            0.000000            0.000000            0.000000            0.000000      0.000000        0.000000  17327.801373    1.614374       3.394191          1.0             0           0    23.307528
15        0   15  57.75  1.706108         0.0            0.000000            0.000000            0.000000            0.000000      1.706108     1535.497486  44338.052033  0.000000e+00       0.000000          0.0             0           0  0.000000e+00         0.0            0.000000            0.000000            0.000000            0.000000      0.000000        0.000000  17327.801373    0.000000       2.262794          0.0             0           0     0.000000
16        0   16  57.75  1.705775         0.0            0.000000            0.000000            0.000000            0.000000      1.705775     1535.197351  45873.249384  0.000000e+00       0.000000          0.0             0           0  0.000000e+00         0.0            0.000000            0.000000            0.000000            0.000000      0.000000        0.000000  17327.801373    0.000000       1.131397          0.0             0           0     0.000000
17        0   17  55.84  1.698334         0.0            4.980000            4.980000            4.980000            4.980000     -3.281666    -2953.499654  42919.749730  0.000000e+00       0.000000          0.0             0           0  0.000000e+00         0.0            0.000000            0.000000            0.000000            0.000000      0.000000        0.000000  17327.801373    0.000000       0.000000          0.0             0           0     0.000000
18        0   18  55.84  1.691015         0.0            4.980000            4.980000            4.980000            4.980000     -3.288985    -2960.086479  39959.663251  1.790000e+00       4.980000          1.0             1           0  2.498840e+01         0.0            0.000000            0.000000            0.000000            0.000000      4.980000     4482.000000  21809.801373    0.000000       0.000000          0.0             0           0     0.000000
19        0   19  55.84  1.687190         0.0            4.980000            4.980000            4.980000            4.980000     -3.292810    -2963.528944  36996.134307  1.790000e+00       4.980000          1.0             0           0  2.498840e+01         0.0            0.000000            0.000000            0.000000            0.000000      4.980000     4482.000000  26291.801373    0.000000       0.000000          0.0             0           0     0.000000
20        0   20  55.84  1.700962         0.0            4.980000            4.980000            4.980000            4.980000     -3.279038    -2951.134307  34045.000000  1.790000e+00       4.980000          1.0             0           0  2.498840e+01         0.0            0.000000            0.000000            0.000000            0.000000      4.980000     4482.000000  30773.801373    0.000000       0.000000          0.0             0           0     0.000000
21        0   21  55.01  1.696635         0.0            0.000000            0.000000            0.000000            0.000000      1.696635     1526.971487  35571.971487  1.790000e+00       4.980000          1.0             0           0  2.461698e+01         0.0            0.000000            0.000000            0.000000            0.000000      4.980000     4482.000000  35255.801373    0.000000       0.000000          0.0             0           0     0.000000
22        0   22  55.01  1.706543         0.0            0.000000            0.000000            0.000000            0.000000      1.706543     1535.889067  37107.860554  0.000000e+00       0.000000          0.0             0           0  0.000000e+00         0.0            0.000000            0.000000            0.000000            0.000000      0.000000        0.000000  35255.801373    0.000000       0.000000          0.0             0           0     0.000000
23        0   23  55.01  1.702309         0.0            0.000000            0.000000            0.000000            0.000000      1.702309     1532.078228  38639.938782  0.000000e+00       0.000000          0.0             0           0  0.000000e+00         0.0            0.000000            0.000000            0.000000            0.000000      0.000000        0.000000  35255.801373    0.000000       0.000000          0.0             0           0     0.000000
24        0   24  55.01  1.696240         0.0            0.000000            0.000000            0.000000            0.000000      1.696240     1526.616109  40166.554890  0.000000e+00       0.000000          0.0             0           0  0.000000e+00         0.0            0.000000            0.000000            0.000000            0.000000      0.000000        0.000000  35255.801373    0.000000       0.000000          0.0             0           0     0.000000
25        0   25  54.23  1.702308         0.0            0.000000            0.000000            0.000000            0.000000      1.702308     1532.077071  41698.631961  0.000000e+00       0.000000          0.0             0           0  0.000000e+00         0.0            0.000000            0.000000            0.000000            0.000000      0.000000        0.000000  35255.801373    0.000000       0.000000          0.0             0           0     0.000000
26        0   26  54.23  1.719046         0.0            0.000000            0.000000            0.000000            0.000000      1.719046     1547.141514  43245.773474  0.000000e+00       0.000000          0.0             0           0  0.000000e+00         0.0            0.000000            0.000000            0.000000            0.000000      0.000000        0.000000  35255.801373    0.000000       0.000000          0.0             0           0     0.000000
27        0   27  54.23  1.702772         0.0            0.000000            0.000000            0.000000            0.000000      1.702772     1532.495222  44778.268697  0.000000e+00       0.000000          0.0             0           0  0.000000e+00         0.0            0.000000            0.000000            0.000000            0.000000      0.000000        0.000000  35255.801373    0.000000       0.000000          0.0             0           0     0.000000
28        0   28  54.23  1.698546         0.0            0.000000            0.000000            0.000000            0.000000      1.698546     1528.691790  46306.960487  0.000000e+00       0.000000          0.0             0           0  0.000000e+00         0.0            0.000000            0.000000            0.000000            0.000000      0.000000        0.000000  35255.801373    0.000000       0.000000          0.0             0           0     0.000000
29        0   29  54.22  1.695975         0.0            0.000000            0.000000            0.000000            0.000000      1.695975     1526.377616  47833.338102  0.000000e+00       0.000000          0.0             0           0  0.000000e+00         0.0            0.000000            0.000000            0.000000            0.000000      0.000000        0.000000  35255.801373    0.000000       0.000000          0.0             0           0     0.000000
30        0   30  54.22  1.712328         0.0            0.000000            0.000000            0.000000            0.000000      1.712328     1541.095385  49374.433487  0.000000e+00       0.000000          0.0             0           0  0.000000e+00         0.0            0.000000            0.000000            0.000000            0.000000      0.000000        0.000000  35255.801373    0.000000       0.000000          0.0             0           0     0.000000
31        0   31  54.22  1.710318         0.0            0.000000            0.000000            0.000000            0.000000      1.710318     1539.286161  50913.719648  0.000000e+00       0.000000          0.0             0           0  0.000000e+00         0.0            0.000000            0.000000            0.000000            0.000000      0.000000        0.000000  35255.801373    0.000000       0.000000          0.0             0           0     0.000000
32        0   32  54.22  1.704362         0.0            0.000000            0.000000            0.000000            0.000000      1.704362     1533.925524  52447.645172  0.000000e+00       0.000000          0.0             0           0  0.000000e+00         0.0            0.000000            0.000000            0.000000            0.000000      0.000000        0.000000  35255.801373    0.000000       0.000000          0.0             0           0     0.000000
33        0   33  51.10  1.697914         0.0            0.000000            0.000000            0.000000            0.000000      1.697914     1528.122279  53975.767451  0.000000e+00       0.000000          0.0             0           0  0.000000e+00         0.0            0.000000            0.000000            0.000000            0.000000      0.000000        0.000000  35255.801373    0.000000       0.000000          0.0             0           0     0.000000
34        0   34  51.10  1.703363         0.0            0.000000            0.000000            0.000000            0.000000      1.703363     1533.026637  55508.794088  0.000000e+00       0.000000          0.0             0           0  0.000000e+00         0.0            0.000000            0.000000            0.000000            0.000000      0.000000        0.000000  35255.801373    0.000000       0.000000          0.0             0           0     0.000000
35        0   35  51.10  1.696128         0.0            0.000000            0.000000            0.000000            0.000000      1.696128     1526.515294  57035.309382  0.000000e+00       0.000000          0.0             0           0  0.000000e+00         0.0            0.000000            0.000000            0.000000            0.000000      0.000000        0.000000  35255.801373    0.000000       0.000000          0.0             0           0     0.000000
36        0   36  51.10  1.687047         0.0            0.000000            0.000000            0.000000            0.000000      1.687047     1518.342630  58553.652012  0.000000e+00       0.000000          0.0             0           0  0.000000e+00         0.0            0.000000            0.000000            0.000000            0.000000      0.000000        0.000000  35255.801373    0.000000       0.000000          0.0             0           0     0.000000
37        0   37  50.14  1.695246         0.0            0.000000            0.000000            0.000000            0.000000      1.695246     1525.721057  60079.373069  0.000000e+00       0.000000          0.0             0           0  0.000000e+00         0.0            0.000000            0.000000            0.000000            0.000000      0.000000        0.000000  35255.801373    0.000000       0.000000          0.0             0           0     0.000000
38        0   38  50.14  1.689812         0.0            0.000000            0.000000            0.000000            0.000000      1.689812     1520.831026  61600.204095  0.000000e+00       0.000000          0.0             0           0  0.000000e+00         0.0            0.000000            0.000000            0.000000            0.000000      0.000000        0.000000  35255.801373    0.000000       0.000000          0.0             0           0     0.000000
39        0   39  50.14  1.696387         0.0            0.000000            0.000000            0.000000            0.000000      1.696387     1526.748655  63126.952750  0.000000e+00       0.000000          0.0             0           0  0.000000e+00         0.0            0.000000            0.000000            0.000000            0.000000      0.000000        0.000000  35255.801373    0.000000       0.000000          0.0             0           0     0.000000
40        0   40  50.14  1.697163         0.0            1.229696            1.229696            1.229696            1.229696      0.467467      420.720471  63547.673221  0.000000e+00       0.000000          0.0             0           0  0.000000e+00         0.0            0.000000            0.000000            0.000000            0.000000      0.000000        0.000000  35255.801373    0.000000       0.000000          0.0             0           0     0.000000
41        0   41  50.97  1.703389         0.0            1.229696            1.229696            1.229696            1.229696      0.473693      426.323906  63973.997127  0.000000e+00       1.229696          0.0             0           0  0.000000e+00         0.0            0.000000            0.000000            0.000000            0.000000      1.229696     1106.726335  36362.527708    0.000000       0.000000          0.0             0           0     0.000000
42        0   42  50.97  1.691083         0.0            1.229696            1.229696            1.229696            1.229696      0.461387      415.248614  64389.245740  0.000000e+00       1.229696          0.0             0           0  0.000000e+00         0.0            0.000000            0.000000            0.000000            0.000000      1.229696     1106.726335  37469.254043    0.000000       0.000000          0.0             0           0     0.000000
43        0   43  50.97  1.683964         0.0            1.229696            1.229696            1.229696            1.229696      0.454268      408.840978  64798.086718  0.000000e+00       1.229696          0.0             0           0  0.000000e+00         0.0            0.000000            0.000000            0.000000            0.000000      1.229696     1106.726335  38575.980378    0.000000       0.000000          0.0             0           0     0.000000
44        0   44  50.97  1.685941         0.0            0.000000            0.000000            0.000000            0.000000      1.685941     1517.347175  66315.433893  0.000000e+00       1.229696          0.0             0           0  0.000000e+00         0.0            0.000000            0.000000            0.000000            0.000000      1.229696     1106.726335  39682.706713    0.000000       0.000000          0.0             0           0     0.000000
45        0   45  54.51  1.682961         0.0            0.000000            0.000000            0.000000            0.000000      1.682961     1514.665037  67830.098930  0.000000e+00       0.000000          0.0             0           0  0.000000e+00         0.0            0.000000            0.000000            0.000000            0.000000      0.000000        0.000000  39682.706713    0.000000       0.000000          0.0             0           0     0.000000
46        0   46  54.51  1.701438         0.0            0.000000            0.000000            0.000000            0.000000      1.701438     1531.294117  69361.393047  0.000000e+00       0.000000          0.0             0           0  0.000000e+00         0.0            0.000000            0.000000            0.000000            0.000000      0.000000        0.000000  39682.706713    0.000000       0.000000          0.0             0           0     0.000000
47        0   47  54.51  1.689563         0.0            0.000000            0.000000            0.000000            0.000000      1.689563     1520.606953  70882.000000  0.000000e+00       0.000000          0.0             0           0  0.000000e+00         0.0            0.000000            0.000000            0.000000            0.000000      0.000000        0.000000  39682.706713    0.000000       0.000000          0.0             0           0     0.000000
48        0   48  54.51  1.703357         0.0            7.620000            7.620000            7.620000            7.620000     -5.916643    -5324.978639  65557.021361  0.000000e+00       0.000000          0.0             0           0  0.000000e+00         0.0            0.000000            0.000000            0.000000            0.000000      0.000000        0.000000  39682.706713    0.000000       0.000000          0.0             0           0     0.000000
49        0   49  57.58  1.724968         0.0            7.620000            7.620000            7.620000            7.620000     -5.895032    -5305.528532  60251.492830  2.350000e+00       7.620000          2.0             2           0  3.382825e+01         0.0            6.890445            6.890445            6.827082            6.827082      0.792918      713.626598  40396.333311    0.000000       0.000000          0.0             0           0     0.000000
50        0   50  57.58  1.695181         0.0            7.620000            7.620000            7.620000            7.620000     -5.924819    -5332.337219  54919.155610  2.350000e+00       7.620000          2.0             0           0  3.382825e+01         0.0            6.890445            6.890445            6.890445            6.890445      0.729555      656.599118  41052.932429    0.000000       0.000000          0.0             0           0     0.000000
51        0   51  57.58  1.683628         0.0            7.620000            7.620000            7.620000            7.620000     -5.936372    -5342.734424  49576.421186  2.350000e+00       7.620000          2.0             0           0  3.382825e+01         0.0            6.890445            6.890445            6.890445            6.890445      0.729555      656.599118  41709.531547    0.000000       0.000000          0.0             0           0     0.000000
52        0   52  57.58  1.695249         0.0            5.132527            5.132527            5.132527            5.132527     -3.437278    -3093.550082  46482.871104  2.350000e+00       7.620000          2.0             0           0  3.382825e+01         0.0            6.890445            6.890445            6.890445            6.890445      0.729555      656.599118  42366.130666    0.000000       2.275694          0.0             0           0     0.000000
53        0   53  57.75  1.700100         0.0            5.132527            5.132527            5.132527            5.132527     -3.432428    -3089.184957  43393.686147  1.845036e+00       5.132527          1.0             0           0  2.663770e+01         0.0            6.890445            6.890445            6.890445            6.890445     -1.757918    -1582.126317  40784.004348    3.480000       4.572509          1.5             1           1    50.242500
54        0   54  57.75  1.670968         0.0            5.132527            5.132527            5.132527            5.132527     -3.461559    -3115.403526  40278.282622  1.845036e+00       5.132527          1.0             0           0  2.663770e+01         0.0            6.331861            6.331861            6.331861            6.331861     -1.199334    -1079.400465  39704.603883    5.190902       6.869324          2.0             1           0    74.943653
55        0   55  57.75  1.663505         0.0            5.132527            5.132527            5.132527            5.132527     -3.469022    -3122.119858  37156.162764  1.845036e+00       5.132527          1.0             0           0  2.663770e+01         0.0            6.331861            6.331861            6.331861            6.331861     -1.199334    -1079.400465  38625.203418    5.211442       6.890445          2.0             0           0    75.240199
56        0   56  57.75  1.675680         0.0            5.132527            5.132527            5.132527            5.132527     -3.456848    -3111.162764  34045.000000  1.845036e+00       5.132527          1.0             0           0  2.663770e+01         0.0            6.331861            6.331861            6.331861            6.331861     -1.199334    -1079.400465  37545.802953    5.211442       6.890445          2.0             0           0    75.240199
57        0   57  57.66  1.697731         0.0            1.430000            1.430000            1.430000            1.430000      0.267731      240.958100  34285.958100  1.845036e+00       5.132527          1.0             0           0  2.659619e+01         0.0            6.331861            6.331861            6.331861            6.331861     -1.199334    -1079.400465  36466.402487    5.030372       6.704251          2.0             0           0    72.512815
58        0   58  57.66  1.707071         0.0            1.430000            1.430000            1.430000            1.430000      0.277071      249.364133  34535.322233  1.629392e-14       1.430000          1.0             0           0  2.348769e-13         0.0            0.200063            0.200063            0.200063            0.200063      1.229937     1106.943539  37573.346027    4.849302       6.518056          2.0             0           0    69.902689
59        0   59  57.66  1.689723         0.0            1.430000            1.430000            1.430000            1.430000      0.259723      233.750534  34769.072767  1.629392e-14       1.430000          1.0             0           0  2.348769e-13         0.0            0.200063            0.200063            0.200063            0.200063      1.229937     1106.943539  38680.289566    4.668232       6.331861          2.0             0           0    67.292563
60        0   60  57.66  1.698802         0.0            1.430000            1.430000            1.430000            1.430000      0.268802      241.921914  35010.994681  1.629392e-14       1.430000          1.0             0           0  2.348769e-13         0.0            0.200063            0.200063            0.200063            0.200063      1.229937     1106.943539  39787.233106    4.668232       6.331861          2.0             0           0    67.292563
61        0   61  53.25  1.684356         0.0            1.430000            1.430000            1.430000            1.430000      0.254356      228.920211  35239.914892  1.399360e-14       1.430000          1.0             0           0  1.862898e-13         0.0            0.200063            0.200063            0.200063            0.200063      1.229937     1106.943539  40894.176645    3.095424       4.287928          1.0             0           0    41.207833
62        0   62  53.25  1.697492         0.0            1.430000            1.430000            1.430000            1.430000      0.267492      240.743065  35480.657957  1.629392e-14       1.430000          1.0             0           0  2.169128e-13         0.0            0.000000            0.000000            0.000000            0.000000      1.430000     1287.000000  42181.176645    0.000000       2.243996          0.0             0           0     0.000000
63        0   63  53.25  1.697220         0.0            1.430000            1.430000            1.430000            1.430000      0.267220      240.497598  35721.155555  1.399360e-14       1.430000          1.0             0           0  1.862898e-13         0.0            0.000000            0.000000            0.000000            0.000000      1.430000     1287.000000  43468.176645    0.000000       0.200063          0.0             0           0     0.000000
64        0   64  53.25  1.700582         0.0            0.182528            0.182528            0.182528            0.182528      1.518054     1366.248257  37087.403811  1.629392e-14       1.430000          1.0             0           0  2.169128e-13         0.0            0.000000            0.000000            0.000000            0.000000      1.430000     1287.000000  44755.176645    0.000000       0.200063          0.0             0           0     0.000000
65        0   65  50.16  1.700629         0.0            0.182528            0.182528            0.182528            0.182528      1.518101     1366.291033  38453.694845  0.000000e+00       0.182528          0.0             0           0  0.000000e+00         0.0            0.000000            0.000000            0.000000            0.000000      0.182528      164.275368  44919.452013    0.000000       0.133375          0.0             0           0     0.000000
66        0   66  50.16  1.698220         0.0            0.182528            0.182528            0.182528            0.182528      1.515692     1364.122729  39817.817573  0.000000e+00       0.182528          0.0             0           0  0.000000e+00         0.0            0.000000            0.000000            0.000000            0.000000      0.182528      164.275368  45083.727381    0.000000       0.066688          0.0             0           0     0.000000
67        0   67  50.16  1.698896         0.0            0.182528            0.182528            0.182528            0.182528      1.516367     1364.730695  41182.548268  0.000000e+00       0.182528          0.0             0           0  0.000000e+00         0.0            0.000000            0.000000            0.000000            0.000000      0.182528      164.275368  45248.002749    0.000000       0.000000          0.0             0           0     0.000000
68        0   68  50.16  1.698240         0.0            0.182528            0.182528            0.182528            0.182528      1.515712     1364.140872  42546.689141  0.000000e+00       0.182528          0.0             0           0  0.000000e+00         0.0            0.000000            0.000000            0.000000            0.000000      0.182528      164.275368  45412.278117    0.000000       0.000000          0.0             0           0     0.000000
69        0   69  47.13  1.696857         0.0            0.182528            0.182528            0.182528            0.182528      1.514329     1362.896158  43909.585298  0.000000e+00       0.182528          0.0             0           0  0.000000e+00         0.0            0.000000            0.000000            0.000000            0.000000      0.182528      164.275368  45576.553485    0.000000       0.000000          0.0             0           0     0.000000
70        0   70  47.13  1.693752         0.0            1.430000            1.430000            1.430000            1.430000      0.263752      237.377222  44146.962520  0.000000e+00       0.182528          0.0             0           0  0.000000e+00         0.0            0.000000            0.000000            0.000000            0.000000      0.182528      164.275368  45740.828853    0.000000       0.000000          0.0             0           0     0.000000
71        0   71  47.13  1.703016         0.0            1.430000            1.430000            1.430000            1.430000      0.273016      245.714146  44392.676666  1.865814e-14       1.430000          1.0             1           0  2.198395e-13         0.0            0.000000            0.000000            0.000000            0.000000      1.430000     1287.000000  47027.828853    0.000000       0.000000          0.0             0           0     0.000000
72        0   72  47.13  1.702782         0.0            1.430000            1.430000            1.430000            1.430000      0.272782      245.504031  44638.180696  1.399360e-14       1.430000          1.0             0           0  1.648796e-13         0.0            0.000000            0.000000            0.000000            0.000000      1.430000     1287.000000  48314.828853    0.000000       0.000000          0.0             0           0     0.000000
73        0   73  48.01  1.694114         0.0            1.430000            1.430000            1.430000            1.430000      0.264114      237.702811  44875.883508  1.865814e-14       1.430000          1.0             0           0  2.239443e-13         0.0            0.000000            0.000000            0.000000            0.000000      1.430000     1287.000000  49601.828853    0.000000       0.000000          0.0             0           0     0.000000
74        0   74  48.01  1.702478         0.0            1.430000            1.430000            1.430000            1.430000      0.272478      245.230365  45121.113873  1.865814e-14       1.430000          1.0             0           0  2.239443e-13         0.0            0.000000            0.000000            0.000000            0.000000      1.430000     1287.000000  50888.828853    0.000000       0.000000          0.0             0           0     0.000000
75        0   75  48.01  1.710618         0.0            1.430000            1.430000            1.430000            1.430000      0.280618      252.556393  45373.670266  1.399360e-14       1.430000          1.0             0           0  1.679582e-13         0.0            0.000000            0.000000            0.000000            0.000000      1.430000     1287.000000  52175.828853    0.000000       0.000000          0.0             0           0     0.000000
76        0   76  48.01  1.699476         0.0            1.430000            1.430000            1.430000            1.430000      0.269476      242.528813  45616.199079  1.399360e-14       1.430000          1.0             0           0  1.679582e-13         0.0            0.000000            0.000000            0.000000            0.000000      1.430000     1287.000000  53462.828853    0.000000       0.000000          0.0             0           0     0.000000
77        0   77  46.27  1.691449         0.0            1.430000            1.430000            1.430000            1.430000      0.261449      235.303765  45851.502844  1.399360e-14       1.430000          1.0             0           0  1.618710e-13         0.0            0.000000            0.000000            0.000000            0.000000      1.430000     1287.000000  54749.828853    0.000000       0.000000          0.0             0           0     0.000000
78        0   78  46.27  1.696457         0.0            1.430000            1.430000            1.430000            1.430000      0.266457      239.811331  46091.314175  1.629392e-14       1.430000          1.0             0           0  1.884799e-13         0.0            0.000000            0.000000            0.000000            0.000000      1.430000     1287.000000  56036.828853    0.000000       0.000000          0.0             0           0     0.000000
79        0   79  46.27  1.695484         0.0            1.430000            1.430000            1.430000            1.430000      0.265484      238.935759  46330.249934  1.865814e-14       1.430000          1.0             0           0  2.158280e-13         0.0            0.000000            0.000000            0.000000            0.000000      1.430000     1287.000000  57323.828853    0.000000       0.000000          0.0             0           0     0.000000
80        0   80  46.27  1.708098         0.0            0.000000            0.000000            0.000000            0.000000      1.708098     1537.288061  47867.537995  1.865814e-14       1.430000          1.0             0           0  2.158280e-13         0.0            0.000000            0.000000            0.000000            0.000000      1.430000     1287.000000  58343.000000    0.000000       0.000000          0.0             0           0     0.000000
81        0   81  43.97  1.715371         0.0            0.000000            0.000000            0.000000            0.000000      1.715371     1543.834101  49411.372096  0.000000e+00       0.000000          0.0             0           0  0.000000e+00         0.0            0.000000            0.000000            0.000000            0.000000      0.000000        0.000000  58343.000000    0.000000       0.000000          0.0             0           0     0.000000
82        0   82  43.97  1.711246         0.0            0.000000            0.000000            0.000000            0.000000      1.711246     1540.121435  50951.493531  0.000000e+00       0.000000          0.0             0           0  0.000000e+00         0.0            0.000000            0.000000            0.000000            0.000000      0.000000        0.000000  58343.000000    0.000000       0.000000          0.0             0           0     0.000000
83        0   83  43.97  1.700836         0.0            0.000000            0.000000            0.000000            0.000000      1.700836     1530.752566  52482.246097  0.000000e+00       0.000000          0.0             0           0  0.000000e+00         0.0            0.000000            0.000000            0.000000            0.000000      0.000000        0.000000  58343.000000    0.000000       0.000000          0.0             0           0     0.000000
84        0   84  43.97  1.705294         0.0            0.000000            0.000000            0.000000            0.000000      1.705294     1534.764602  54017.010700  0.000000e+00       0.000000          0.0             0           0  0.000000e+00         0.0            0.000000            0.000000            0.000000            0.000000      0.000000        0.000000  58343.000000    0.000000       0.000000          0.0             0           0     0.000000
85        0   85  41.03  1.703985         0.0            0.000000            0.000000            0.000000            0.000000      1.703985     1533.586544  55550.597244  0.000000e+00       0.000000          0.0             0           0  0.000000e+00         0.0            0.000000            0.000000            0.000000            0.000000      0.000000        0.000000  58343.000000    0.000000       0.000000          0.0             0           0     0.000000
86        0   86  41.03  1.697061         0.0            0.000000            0.000000            0.000000            0.000000      1.697061     1527.354642  57077.951885  0.000000e+00       0.000000          0.0             0           0  0.000000e+00         0.0            0.000000            0.000000            0.000000            0.000000      0.000000        0.000000  58343.000000    0.000000       0.000000          0.0             0           0     0.000000
87        0   87  41.03  1.704460         0.0            0.000000            0.000000            0.000000            0.000000      1.704460     1534.013904  58611.965789  0.000000e+00       0.000000          0.0             0           0  0.000000e+00         0.0            0.000000            0.000000            0.000000            0.000000      0.000000        0.000000  58343.000000    0.000000       0.000000          0.0             0           0     0.000000
88        0   88  41.03  1.698379         0.0            0.000000            0.000000            0.000000            0.000000      1.698379     1528.541521  60140.507310  0.000000e+00       0.000000          0.0             0           0  0.000000e+00         0.0            0.000000            0.000000            0.000000            0.000000      0.000000        0.000000  58343.000000    0.000000       0.000000          0.0             0           0     0.000000
89        0   89  37.00  1.699193         0.0            0.000000            0.000000            0.000000            0.000000      1.699193     1529.273344  61669.780654  0.000000e+00       0.000000          0.0             0           0  0.000000e+00         0.0            0.000000            0.000000            0.000000            0.000000      0.000000        0.000000  58343.000000    0.000000       0.000000          0.0             0           0     0.000000
90        0   90  37.00  1.691736         0.0            0.000000            0.000000            0.000000            0.000000      1.691736     1522.562315  63192.342969  0.000000e+00       0.000000          0.0             0           0  0.000000e+00         0.0            0.000000            0.000000            0.000000            0.000000      0.000000        0.000000  58343.000000    0.000000       0.000000          0.0             0           0     0.000000
91        0   91  37.00  1.706342         0.0            0.000000            0.000000            0.000000            0.000000      1.706342     1535.708094  64728.051063  0.000000e+00       0.000000          0.0             0           0  0.000000e+00         0.0            0.000000            0.000000            0.000000            0.000000      0.000000        0.000000  58343.000000    0.000000       0.000000          0.0             0           0     0.000000
92        0   92  37.00  1.710375         0.0            0.000000            0.000000            0.000000            0.000000      1.710375     1539.337321  66267.388383  0.000000e+00       0.000000          0.0             0           0  0.000000e+00         0.0            0.000000            0.000000            0.000000            0.000000      0.000000        0.000000  58343.000000    0.000000       0.000000          0.0             0           0     0.000000
93        0   93  40.00  1.704342         0.0            0.000000            0.000000            0.000000            0.000000      1.704342     1533.907483  67801.295866  0.000000e+00       0.000000          0.0             0           0  0.000000e+00         0.0            0.000000            0.000000            0.000000            0.000000      0.000000        0.000000  58343.000000    0.000000       0.000000          0.0             0           0     0.000000
94        0   94  40.00  1.709800         0.0            0.000000            0.000000            0.000000            0.000000      1.709800     1538.819631  69340.115497  0.000000e+00       0.000000          0.0             0           0  0.000000e+00         0.0            0.000000            0.000000            0.000000            0.000000      0.000000        0.000000  58343.000000    0.000000       0.000000          0.0             0           0     0.000000
95        0   95  40.00  1.713205         0.0            0.000000            0.000000            0.000000            0.000000      1.713205     1541.884503  70882.000000  0.000000e+00       0.000000          0.0             0           0  0.000000e+00         0.0            0.000000            0.000000            0.000000            0.000000      0.000000        0.000000  58343.000000    0.000000       0.000000          0.0             0           0     0.000000
96        0   96  40.00  1.713236         0.0           12.714365           12.714365           12.714365           12.714365    -11.001129    -9901.016050  60980.983950  0.000000e+00       0.000000          0.0             0           0  0.000000e+00         0.0            8.476243            8.476243            8.476243            8.476243     -8.476243    -7628.618939  50714.381061    0.000000       0.000000          0.0             0           0     0.000000
97        0   97  45.02  1.709911         0.0           12.714365           12.714365           12.714365           12.714365    -11.004454    -9904.008795  51076.975156  4.329184e+00      12.714365          2.0             2           0  4.872497e+01         0.0            8.476243            8.476243            8.476243            8.476243      4.238122     3814.309469  54528.690531    0.000000       0.000000          0.0             0           0     0.000000
98        0   98  45.02  1.707967         0.0           12.714365           12.714365           12.714365           12.714365    -11.006398    -9905.758506  41171.216650  4.329184e+00      12.714365          2.0             0           0  4.872497e+01         0.0            8.476243            8.476243            8.476243            8.476243      4.238122     3814.309469  58343.000000    0.000000       0.000000          0.0             0           0     0.000000

