==== Solution details ====

Solved river basin instance between 2020-12-01 05:45 and 2020-12-02 05:30.
The instance was solved at 2023-06-26 14:27 with the PSO algorithm.

---- Solver configuration ----

Configuration:
{
  "volume_objectives": {
    "dam1": 59627.42324,
    "dam2": 31010.43613642857
  },
  "volume_shortage_penalty": 3,
  "volume_exceedance_bonus": 0.1,
  "startups_penalty": 50,
  "limit_zones_penalty": 50,
  "use_relvars": false,
  "max_relvar": 1,
  "flow_smoothing": 0,
  "mode": "linear"
}

Parameters and other information:
{}

---- Objective function ----

Objective function values:
{
  "income": 1480.6277429539764,
  "startups": 4.0,
  "times_in_limit": 9.0,
  "dam1_shortage": 0.0,
  "dam1_exceedance": 11254.57675999507,
  "dam2_shortage": 0.0,
  "dam2_exceedance": 27332.563863559702
}

Objective function (to maximize):
4689.341805309454

---- River basin history ----

   scenario time  price  incoming  dam1_unreg  dam1_flow_assigned  dam1_flow_smoothed  dam1_flow_clipped1  dam1_flow_clipped2  dam1_netflow  dam1_volchange      dam1_vol    dam1_power  dam1_turbined  dam1_groups dam1_startups dam1_limits   dam1_income  dam2_unreg  dam2_flow_assigned  dam2_flow_smoothed  dam2_flow_clipped1  dam2_flow_clipped2  dam2_netflow  dam2_volchange      dam2_vol    dam2_power  dam2_turbined  dam2_groups dam2_startups dam2_limits   dam2_income
0         0    0  38.98  1.716063         0.0            5.099093            5.099093            5.099093            5.099093     -3.383030    -3044.727064  54942.411114  5.723949e-01       3.087894          1.0             0           0  5.577988e+00         0.0            3.114877            3.114877            3.114877            3.114877     -0.026983      -24.284471  17438.882961  7.886296e-01       2.895897          1.0             0           0  7.685196e+00
1         0    1  46.36  1.722484         0.0            5.099093            5.099093            5.099093            5.099093     -3.376609    -3038.948529  51903.462585  1.832972e+00       5.099093          1.0             0           0  2.124414e+01         0.0            3.114877            3.114877            3.114877            3.114877      1.984216     1785.794778  19224.677739  7.705088e-01       2.884962          1.0             0           0  8.930197e+00
2         0    2  46.36  1.715182         0.0            5.099093            5.099093            5.099093            5.099093     -3.383912    -3045.520548  48857.942037  1.832972e+00       5.099093          1.0             0           0  2.124414e+01         0.0            3.114877            3.114877            3.114877            3.114877      1.984216     1785.794778  21010.472517  7.556099e-01       2.875971          1.0             0           0  8.757518e+00
3         0    3  46.36  1.712510         0.0            5.099093            5.099093            5.099093            5.099093     -3.386583    -3047.924788  45810.017249  1.832972e+00       5.099093          1.0             0           0  2.124414e+01         0.0            0.000000            0.000000            0.000000            0.000000      5.099093     4589.184082  25599.656599  8.801273e-01       2.951111          1.0             0           0  1.020067e+01
4         0    4  46.36  1.714548         0.0            4.980000            4.980000            4.980000            4.980000     -3.265452    -2938.906825  42871.110425  1.832972e+00       5.099093          1.0             0           0  2.124414e+01         0.0            0.000000            0.000000            0.000000            0.000000      5.099093     4589.184082  30188.840680  1.013158e+00       3.031389          1.0             0           0  1.174251e+01
5         0    5  55.00  1.711874         0.0            4.980000            4.980000            4.980000            4.980000     -3.268126    -2941.312997  39929.797428  1.790000e+00       4.980000          1.0             0           0  2.461250e+01         0.0            0.000000            0.000000            0.000000            0.000000      4.980000     4482.000000  34670.840680  1.151510e+00       3.114877          1.0             0           0  1.583327e+01
6         0    6  55.00  1.718184         0.0            4.980000            4.980000            4.980000            4.980000     -3.261816    -2935.634506  36994.162922  1.790000e+00       4.980000          1.0             0           0  2.461250e+01         0.0            0.000000            0.000000            0.000000            0.000000      4.980000     4482.000000  39152.840680  0.000000e+00       2.076585          0.0             0           0  0.000000e+00
7         0    7  55.00  1.703152         0.0            4.980000            4.980000            4.980000            4.980000     -3.276848    -2949.162922  34045.000000  1.790000e+00       4.980000          1.0             0           0  2.461250e+01         0.0            0.000000            0.000000            0.000000            0.000000      4.980000     4482.000000  43634.840680  0.000000e+00       1.038292          0.0             0           0  0.000000e+00
8         0    8  55.00  1.696537         0.0            0.282399            0.282399            0.282399            0.282399      1.414137     1272.723725  35317.723725  1.790000e+00       4.980000          1.0             0           0  2.461250e+01         0.0            0.000000            0.000000            0.000000            0.000000      4.980000     4482.000000  48116.840680  0.000000e+00       0.000000          0.0             0           0  0.000000e+00
9         0    9  58.03  1.699367         0.0            0.282399            0.282399            0.282399            0.282399      1.416967     1275.270686  36592.994411  0.000000e+00       0.282399          0.0             0           0  0.000000e+00         0.0            0.000000            0.000000            0.000000            0.000000      0.282399      254.159320  48371.000000  0.000000e+00       0.000000          0.0             0           0  0.000000e+00
10        0   10  58.03  1.704904         0.0            0.282399            0.282399            0.282399            0.282399      1.422504     1280.253855  37873.248266  0.000000e+00       0.282399          0.0             0           0  0.000000e+00         0.0            0.000000            0.000000            0.000000            0.000000      0.282399      254.159320  48625.159320  0.000000e+00       0.000000          0.0             0           0  0.000000e+00
11        0   11  58.03  1.710453         0.0            0.282399            0.282399            0.282399            0.282399      1.428053     1285.248016  39158.496283  0.000000e+00       0.282399          0.0             0           0  0.000000e+00         0.0            0.000000            0.000000            0.000000            0.000000      0.282399      254.159320  48879.318639  0.000000e+00       0.000000          0.0             0           0  0.000000e+00
12        0   12  58.03  1.725923         0.0            0.000000            0.000000            0.000000            0.000000      1.725923     1553.330440  40711.826723  0.000000e+00       0.282399          0.0             0           0  0.000000e+00         0.0            0.000000            0.000000            0.000000            0.000000      0.282399      254.159320  49133.477959  0.000000e+00       0.000000          0.0             0           0  0.000000e+00
13        0   13  57.75  1.716043         0.0            0.000000            0.000000            0.000000            0.000000      1.716043     1544.438509  42256.265231  0.000000e+00       0.000000          0.0             0           0  0.000000e+00         0.0            0.000000            0.000000            0.000000            0.000000      0.000000        0.000000  49133.477959  0.000000e+00       0.000000          0.0             0           0  0.000000e+00
14        0   14  57.75  1.709269         0.0            0.000000            0.000000            0.000000            0.000000      1.709269     1538.342530  43794.607761  0.000000e+00       0.000000          0.0             0           0  0.000000e+00         0.0            0.423599            0.423599            0.423599            0.423599     -0.423599     -381.238979  48752.238979  0.000000e+00       0.000000          0.0             0           0  0.000000e+00
15        0   15  57.75  1.706108         0.0            0.000000            0.000000            0.000000            0.000000      1.706108     1535.497486  45330.105247  0.000000e+00       0.000000          0.0             0           0  0.000000e+00         0.0            0.423599            0.423599            0.423599            0.423599     -0.423599     -381.238979  48371.000000  0.000000e+00       0.000000          0.0             0           0  0.000000e+00
16        0   16  57.75  1.705775         0.0            0.000000            0.000000            0.000000            0.000000      1.705775     1535.197351  46865.302598  0.000000e+00       0.000000          0.0             0           0  0.000000e+00         0.0            0.423599            0.423599            0.423599            0.423599     -0.423599     -381.238979  47989.761021  0.000000e+00       0.000000          0.0             0           0  0.000000e+00
17        0   17  55.84  1.698334         0.0            0.000000            0.000000            0.000000            0.000000      1.698334     1528.500346  48393.802944  0.000000e+00       0.000000          0.0             0           0  0.000000e+00         0.0            0.423599            0.423599            0.423599            0.423599     -0.423599     -381.238979  47608.522041  0.000000e+00       0.141200          0.0             0           0  0.000000e+00
18        0   18  55.84  1.691015         0.0            0.000000            0.000000            0.000000            0.000000      1.691015     1521.913521  49915.716465  0.000000e+00       0.000000          0.0             0           0  0.000000e+00         0.0            0.000000            0.000000            0.000000            0.000000      0.000000        0.000000  47608.522041  0.000000e+00       0.282399          0.0             0           0  0.000000e+00
19        0   19  55.84  1.687190         0.0            0.000000            0.000000            0.000000            0.000000      1.687190     1518.471056  51434.187521  0.000000e+00       0.000000          0.0             0           0  0.000000e+00         0.0            0.000000            0.000000            0.000000            0.000000      0.000000        0.000000  47608.522041  0.000000e+00       0.423599          0.0             0           0  0.000000e+00
20        0   20  55.84  1.700962         0.0            0.000000            0.000000            0.000000            0.000000      1.700962     1530.865693  52965.053214  0.000000e+00       0.000000          0.0             0           0  0.000000e+00         0.0            0.000000            0.000000            0.000000            0.000000      0.000000        0.000000  47608.522041  0.000000e+00       0.423599          0.0             0           0  0.000000e+00
21        0   21  55.01  1.696635         0.0            0.000000            0.000000            0.000000            0.000000      1.696635     1526.971487  54492.024701  0.000000e+00       0.000000          0.0             0           0  0.000000e+00         0.0            0.000000            0.000000            0.000000            0.000000      0.000000        0.000000  47608.522041  0.000000e+00       0.282399          0.0             0           0  0.000000e+00
22        0   22  55.01  1.706543         0.0            0.000000            0.000000            0.000000            0.000000      1.706543     1535.889067  56027.913768  0.000000e+00       0.000000          0.0             0           0  0.000000e+00         0.0            0.000000            0.000000            0.000000            0.000000      0.000000        0.000000  47608.522041  0.000000e+00       0.141200          0.0             0           0  0.000000e+00
23        0   23  55.01  1.702309         0.0            0.000000            0.000000            0.000000            0.000000      1.702309     1532.078228  57559.991996  0.000000e+00       0.000000          0.0             0           0  0.000000e+00         0.0            0.000000            0.000000            0.000000            0.000000      0.000000        0.000000  47608.522041  0.000000e+00       0.000000          0.0             0           0  0.000000e+00
24        0   24  55.01  1.696240         0.0            0.000000            0.000000            0.000000            0.000000      1.696240     1526.616109  59086.608104  0.000000e+00       0.000000          0.0             0           0  0.000000e+00         0.0            0.000000            0.000000            0.000000            0.000000      0.000000        0.000000  47608.522041  0.000000e+00       0.000000          0.0             0           0  0.000000e+00
25        0   25  54.23  1.702308         0.0            0.000000            0.000000            0.000000            0.000000      1.702308     1532.077071  60618.685175  0.000000e+00       0.000000          0.0             0           0  0.000000e+00         0.0            0.000000            0.000000            0.000000            0.000000      0.000000        0.000000  47608.522041  0.000000e+00       0.000000          0.0             0           0  0.000000e+00
26        0   26  54.23  1.719046         0.0            0.000000            0.000000            0.000000            0.000000      1.719046     1547.141514  62165.826688  0.000000e+00       0.000000          0.0             0           0  0.000000e+00         0.0            0.000000            0.000000            0.000000            0.000000      0.000000        0.000000  47608.522041  0.000000e+00       0.000000          0.0             0           0  0.000000e+00
27        0   27  54.23  1.702772         0.0            0.353440            0.353440            0.353440            0.353440      1.349333     1214.399630  63380.226319  0.000000e+00       0.000000          0.0             0           0  0.000000e+00         0.0            0.000000            0.000000            0.000000            0.000000      0.000000        0.000000  47608.522041  0.000000e+00       0.000000          0.0             0           0  0.000000e+00
28        0   28  54.23  1.698546         0.0            0.353440            0.353440            0.353440            0.353440      1.345107     1210.596198  64590.822517  0.000000e+00       0.353440          0.0             0           0  0.000000e+00         0.0            0.000000            0.000000            0.000000            0.000000      0.353440      318.095592  47926.617633  0.000000e+00       0.000000          0.0             0           0  0.000000e+00
29        0   29  54.22  1.695975         0.0            0.353440            0.353440            0.353440            0.353440      1.342536     1208.282024  65799.104541  0.000000e+00       0.353440          0.0             0           0  0.000000e+00         0.0            0.000000            0.000000            0.000000            0.000000      0.353440      318.095592  48244.713225  0.000000e+00       0.000000          0.0             0           0  0.000000e+00
30        0   30  54.22  1.712328         0.0            0.353440            0.353440            0.353440            0.353440      1.358889     1222.999793  67022.104334  0.000000e+00       0.353440          0.0             0           0  0.000000e+00         0.0            0.000000            0.000000            0.000000            0.000000      0.353440      318.095592  48562.808817  0.000000e+00       0.000000          0.0             0           0  0.000000e+00
31        0   31  54.22  1.710318         0.0            0.353440            0.353440            0.353440            0.353440      1.356878     1221.190570  68243.294904  0.000000e+00       0.353440          0.0             0           0  0.000000e+00         0.0            0.000000            0.000000            0.000000            0.000000      0.353440      318.095592  48880.904408  0.000000e+00       0.000000          0.0             0           0  0.000000e+00
32        0   32  54.22  1.704362         0.0            1.430000            1.430000            1.430000            1.430000      0.274362      246.925524  68490.220428  0.000000e+00       0.353440          0.0             0           0  0.000000e+00         0.0            0.000000            0.000000            0.000000            0.000000      0.353440      318.095592  49199.000000  0.000000e+00       0.000000          0.0             0           0  0.000000e+00
33        0   33  51.10  1.697914         0.0            1.430000            1.430000            1.430000            1.430000      0.267914      241.122279  68731.342706  1.399360e-14       1.430000          1.0             1           0  1.787683e-13         0.0            0.000000            0.000000            0.000000            0.000000      1.430000     1287.000000  50486.000000  0.000000e+00       0.000000          0.0             0           0  0.000000e+00
34        0   34  51.10  1.703363         0.0            1.430000            1.430000            1.430000            1.430000      0.273363      246.026637  68977.369344  1.399360e-14       1.430000          1.0             0           0  1.787683e-13         0.0            0.000000            0.000000            0.000000            0.000000      1.430000     1287.000000  51773.000000  0.000000e+00       0.000000          0.0             0           0  0.000000e+00
35        0   35  51.10  1.696128         0.0            1.430000            1.430000            1.430000            1.430000      0.266128      239.515294  69216.884638  1.399360e-14       1.430000          1.0             0           0  1.787683e-13         0.0            0.000000            0.000000            0.000000            0.000000      1.430000     1287.000000  53060.000000  0.000000e+00       0.000000          0.0             0           0  0.000000e+00
36        0   36  51.10  1.687047         0.0            1.430000            1.430000            1.430000            1.430000      0.257047      231.342630  69448.227267  1.399360e-14       1.430000          1.0             0           0  1.787683e-13         0.0            0.000000            0.000000            0.000000            0.000000      1.430000     1287.000000  54347.000000  0.000000e+00       0.000000          0.0             0           0  0.000000e+00
37        0   37  50.14  1.695246         0.0            1.430000            1.430000            1.430000            1.430000      0.265246      238.721057  69686.948324  1.399360e-14       1.430000          1.0             0           0  1.754098e-13         0.0            0.320000            0.320000            0.320000            0.320000      1.110000      999.000000  55346.000000  0.000000e+00       0.000000          0.0             0           0  0.000000e+00
38        0   38  50.14  1.689812         0.0            1.430000            1.430000            1.430000            1.430000      0.259812      233.831026  69920.779351  1.399360e-14       1.430000          1.0             0           0  1.754098e-13         0.0            0.320000            0.320000            0.320000            0.320000      1.110000      999.000000  56345.000000  0.000000e+00       0.000000          0.0             0           0  0.000000e+00
39        0   39  50.14  1.696387         0.0            1.430000            1.430000            1.430000            1.430000      0.266387      239.748655  70160.528005  1.399360e-14       1.430000          1.0             0           0  1.754098e-13         0.0            0.320000            0.320000            0.320000            0.320000      1.110000      999.000000  57344.000000  0.000000e+00       0.000000          0.0             0           0  0.000000e+00
40        0   40  50.14  1.697163         0.0            1.430000            1.430000            1.430000            1.430000      0.267163      240.446806  70400.974811  1.399360e-14       1.430000          1.0             0           0  1.754098e-13         0.0            0.320000            0.320000            0.320000            0.320000      1.110000      999.000000  58343.000000  0.000000e+00       0.106667          0.0             0           0  0.000000e+00
41        0   41  50.97  1.703389         0.0            1.430000            1.430000            1.430000            1.430000      0.273389      246.050241  70647.025052  1.399360e-14       1.430000          1.0             0           0  1.783135e-13         0.0            6.620000            6.620000            6.620000            6.620000     -5.190000    -4671.000000  53672.000000  0.000000e+00       0.213333          0.0             0           0  0.000000e+00
42        0   42  50.97  1.691083         0.0            1.430000            1.430000            1.430000            1.430000      0.261083      234.974948  70882.000000  1.399360e-14       1.430000          1.0             0           0  1.783135e-13         0.0            6.620000            6.620000            6.620000            6.620000     -5.190000    -4671.000000  49001.000000  0.000000e+00       0.320000          0.0             0           0  0.000000e+00
43        0   43  50.97  1.683964         0.0            4.980000            4.980000            4.980000            4.980000     -3.296036    -2966.432687  67915.567313  1.399360e-14       1.430000          1.0             0           0  1.783135e-13         0.0            6.620000            6.620000            6.620000            6.620000     -5.190000    -4671.000000  44330.000000  0.000000e+00       0.320000          0.0             0           0  0.000000e+00
44        0   44  50.97  1.685941         0.0            4.980000            4.980000            4.980000            4.980000     -3.294059    -2964.652825  64950.914488  1.790000e+00       4.980000          1.0             0           0  2.280907e+01         0.0            6.620000            6.620000            6.620000            6.620000     -1.640000    -1476.000000  42854.000000  4.015175e-12       2.420000          0.0             0           0  5.116337e-11
45        0   45  54.51  1.682961         0.0            4.980000            4.980000            4.980000            4.980000     -3.297039    -2967.334963  61983.579525  1.790000e+00       4.980000          1.0             0           0  2.439323e+01         0.0            6.620000            6.620000            6.620000            6.620000     -1.640000    -1476.000000  41378.000000  3.480000e+00       4.520000          1.5             1           1  4.742370e+01
46        0   46  54.51  1.701438         0.0            4.980000            4.980000            4.980000            4.980000     -3.278562    -2950.705883  59032.873642  1.790000e+00       4.980000          1.0             0           0  2.439323e+01         0.0            4.520000            4.520000            4.520000            4.520000      0.460000      414.000000  41792.000000  4.948440e+00       6.620000          2.0             1           0  6.743487e+01
47        0   47  54.51  1.689563         0.0            2.876059            2.876059            2.876059            2.876059     -1.186495    -1067.845926  57965.027716  1.790000e+00       4.980000          1.0             0           0  2.439323e+01         0.0            4.520000            4.520000            4.520000            4.520000      0.460000      414.000000  42206.000000  4.948440e+00       6.620000          2.0             0           0  6.743487e+01
48        0   48  54.51  1.703357         0.0            2.876059            2.876059            2.876059            2.876059     -1.172702    -1055.431518  56909.596198  4.360748e-01       2.876059          1.0             0           0  5.942610e+00         0.0            4.520000            4.520000            4.520000            4.520000     -1.643941    -1479.547121  40726.452879  4.948440e+00       6.620000          2.0             0           0  6.743487e+01
49        0   49  57.58  1.724968         0.0            2.876059            2.876059            2.876059            2.876059     -1.151090    -1035.981411  55873.614787  4.360748e-01       2.876059          1.0             0           0  6.277297e+00         0.0            4.520000            4.520000            4.520000            4.520000     -1.643941    -1479.547121  39246.905758  4.267706e+00       5.920000          2.0             0           0  6.143363e+01
50        0   50  57.58  1.695181         0.0            2.876059            2.876059            2.876059            2.876059     -1.180878    -1062.790099  54810.824688  4.360748e-01       2.876059          1.0             0           0  6.277297e+00         0.0            4.520000            4.520000            4.520000            4.520000     -1.643941    -1479.547121  37767.358638  3.586972e+00       5.220000          2.0             0           0  5.163447e+01
51        0   51  57.58  1.683628         0.0            4.980000            4.980000            4.980000            4.980000     -3.296372    -2966.734424  51844.090264  4.360748e-01       2.876059          1.0             0           0  6.277297e+00         0.0            4.520000            4.520000            4.520000            4.520000     -1.643941    -1479.547121  36287.811517  3.480000e+00       4.520000          1.5             0           1  5.009460e+01
52        0   52  57.58  1.695249         0.0            4.980000            4.980000            4.980000            4.980000     -3.284751    -2956.275517  48887.814746  1.790000e+00       4.980000          1.0             0           0  2.576705e+01         0.0            4.520000            4.520000            4.520000            4.520000      0.460000      414.000000  36701.811517  3.480000e+00       4.520000          1.5             0           1  5.009460e+01
53        0   53  57.75  1.700100         0.0            4.980000            4.980000            4.980000            4.980000     -3.279900    -2951.910393  45935.904354  1.790000e+00       4.980000          1.0             0           0  2.584313e+01         0.0            4.520000            4.520000            4.520000            4.520000      0.460000      414.000000  37115.811517  3.480000e+00       4.520000          1.5             0           1  5.024250e+01
54        0   54  57.75  1.670968         0.0            4.980000            4.980000            4.980000            4.980000     -3.309032    -2978.128961  42957.775393  1.790000e+00       4.980000          1.0             0           0  2.584313e+01         0.0            4.520000            4.520000            4.520000            4.520000      0.460000      414.000000  37529.811517  3.480000e+00       4.520000          1.5             0           1  5.024250e+01
55        0   55  57.75  1.663505         0.0            4.980000            4.980000            4.980000            4.980000     -3.316495    -2984.845293  39972.930099  1.790000e+00       4.980000          1.0             0           0  2.584313e+01         0.0            4.520000            4.520000            4.520000            4.520000      0.460000      414.000000  37943.811517  3.480000e+00       4.520000          1.5             0           1  5.024250e+01
56        0   56  57.75  1.675680         0.0            4.980000            4.980000            4.980000            4.980000     -3.304320    -2973.888200  36999.041900  1.790000e+00       4.980000          1.0             0           0  2.584313e+01         0.0            3.995418            3.995418            3.995418            3.995418      0.984582      886.123594  38829.935111  3.480000e+00       4.520000          1.5             0           1  5.024250e+01
57        0   57  57.66  1.697731         0.0            4.980000            4.980000            4.980000            4.980000     -3.282269    -2954.041900  34045.000000  1.790000e+00       4.980000          1.0             0           0  2.580285e+01         0.0            3.995418            3.995418            3.995418            3.995418      0.984582      886.123594  39716.058704  3.480000e+00       4.520000          1.5             0           1  5.016420e+01
58        0   58  57.66  1.707071         0.0            1.430000            1.430000            1.430000            1.430000      0.277071      249.364133  34294.364133  1.790000e+00       4.980000          1.0             0           0  2.580285e+01         0.0            3.995418            3.995418            3.995418            3.995418      0.984582      886.123594  40602.182298  3.480000e+00       4.520000          1.5             0           1  5.016420e+01
59        0   59  57.66  1.689723         0.0            1.430000            1.430000            1.430000            1.430000      0.259723      233.750534  34528.114667  1.399360e-14       1.430000          1.0             0           0  2.017178e-13         0.0            3.995418            3.995418            3.995418            3.995418     -2.565418    -2308.876406  38293.305892  3.190231e+00       4.345139          1.0             0           0  4.598718e+01
60        0   60  57.66  1.698802         0.0            1.430000            1.430000            1.430000            1.430000      0.268802      241.921914  34770.036581  1.399360e-14       1.430000          1.0             0           0  2.017178e-13         0.0            0.000000            0.000000            0.000000            0.000000      1.430000     1287.000000  39580.305892  2.900462e+00       4.170279          1.0             0           0  4.181016e+01
61        0   61  53.25  1.684356         0.0            1.430000            1.430000            1.430000            1.430000      0.254356      228.920211  34998.956792  1.399360e-14       1.430000          1.0             0           0  1.862898e-13         0.0            0.000000            0.000000            0.000000            0.000000      1.430000     1287.000000  40867.305892  2.610693e+00       3.995418          1.0             0           0  3.475485e+01
62        0   62  53.25  1.697492         0.0            0.137906            0.137906            0.137906            0.137906      1.559586     1403.627380  36402.584172  1.399360e-14       1.430000          1.0             0           0  1.862898e-13         0.0            0.000000            0.000000            0.000000            0.000000      1.430000     1287.000000  42154.305892  2.610693e+00       3.995418          1.0             0           0  3.475485e+01
63        0   63  53.25  1.697220         0.0            0.137906            0.137906            0.137906            0.137906      1.559313     1403.381913  37805.966085  0.000000e+00       0.137906          0.0             0           0  0.000000e+00         0.0            0.000000            0.000000            0.000000            0.000000      0.137906      124.115685  42278.421577  4.037001e-01       2.663612          1.0             0           0  5.374258e+00
64        0   64  53.25  1.700582         0.0            0.137906            0.137906            0.137906            0.137906      1.562675     1406.407940  39212.374025  0.000000e+00       0.137906          0.0             0           0  0.000000e+00         0.0            0.000000            0.000000            0.000000            0.000000      0.137906      124.115685  42402.537261  0.000000e+00       1.331806          0.0             0           0  0.000000e+00
65        0   65  50.16  1.700629         0.0            0.137906            0.137906            0.137906            0.137906      1.562723     1406.450717  40618.824742  0.000000e+00       0.137906          0.0             0           0  0.000000e+00         0.0            0.000000            0.000000            0.000000            0.000000      0.137906      124.115685  42526.652946  0.000000e+00       0.000000          0.0             0           0  0.000000e+00
66        0   66  50.16  1.698220         0.0            0.137906            0.137906            0.137906            0.137906      1.560314     1404.282412  42023.107154  0.000000e+00       0.137906          0.0             0           0  0.000000e+00         0.0            0.000000            0.000000            0.000000            0.000000      0.137906      124.115685  42650.768631  0.000000e+00       0.000000          0.0             0           0  0.000000e+00
67        0   67  50.16  1.698896         0.0            0.137906            0.137906            0.137906            0.137906      1.560989     1404.890378  43427.997532  0.000000e+00       0.137906          0.0             0           0  0.000000e+00         0.0            0.000000            0.000000            0.000000            0.000000      0.137906      124.115685  42774.884315  0.000000e+00       0.000000          0.0             0           0  0.000000e+00
68        0   68  50.16  1.698240         0.0            0.000000            0.000000            0.000000            0.000000      1.698240     1528.416240  44956.413773  0.000000e+00       0.137906          0.0             0           0  0.000000e+00         0.0            0.000000            0.000000            0.000000            0.000000      0.137906      124.115685  42899.000000  0.000000e+00       0.000000          0.0             0           0  0.000000e+00
69        0   69  47.13  1.696857         0.0            0.000000            0.000000            0.000000            0.000000      1.696857     1527.171526  46483.585298  0.000000e+00       0.000000          0.0             0           0  0.000000e+00         0.0            0.000000            0.000000            0.000000            0.000000      0.000000        0.000000  42899.000000  0.000000e+00       0.000000          0.0             0           0  0.000000e+00
70        0   70  47.13  1.693752         0.0            0.000000            0.000000            0.000000            0.000000      1.693752     1524.377222  48007.962520  0.000000e+00       0.000000          0.0             0           0  0.000000e+00         0.0            0.000000            0.000000            0.000000            0.000000      0.000000        0.000000  42899.000000  0.000000e+00       0.000000          0.0             0           0  0.000000e+00
71        0   71  47.13  1.703016         0.0            0.000000            0.000000            0.000000            0.000000      1.703016     1532.714146  49540.676666  0.000000e+00       0.000000          0.0             0           0  0.000000e+00         0.0            0.000000            0.000000            0.000000            0.000000      0.000000        0.000000  42899.000000  0.000000e+00       0.000000          0.0             0           0  0.000000e+00
72        0   72  47.13  1.702782         0.0            1.430000            1.430000            1.430000            1.430000      0.272782      245.504031  49786.180696  0.000000e+00       0.000000          0.0             0           0  0.000000e+00         0.0            0.000000            0.000000            0.000000            0.000000      0.000000        0.000000  42899.000000  0.000000e+00       0.000000          0.0             0           0  0.000000e+00
73        0   73  48.01  1.694114         0.0            1.430000            1.430000            1.430000            1.430000      0.264114      237.702811  50023.883508  1.399360e-14       1.430000          1.0             1           0  1.679582e-13         0.0            0.000000            0.000000            0.000000            0.000000      1.430000     1287.000000  44186.000000  0.000000e+00       0.000000          0.0             0           0  0.000000e+00
74        0   74  48.01  1.702478         0.0            1.430000            1.430000            1.430000            1.430000      0.272478      245.230365  50269.113873  1.629392e-14       1.430000          1.0             0           0  1.955678e-13         0.0            0.000000            0.000000            0.000000            0.000000      1.430000     1287.000000  45473.000000  0.000000e+00       0.000000          0.0             0           0  0.000000e+00
75        0   75  48.01  1.710618         0.0            1.430000            1.430000            1.430000            1.430000      0.280618      252.556393  50521.670266  1.865814e-14       1.430000          1.0             0           0  2.239443e-13         0.0            0.000000            0.000000            0.000000            0.000000      1.430000     1287.000000  46760.000000  0.000000e+00       0.000000          0.0             0           0  0.000000e+00
76        0   76  48.01  1.699476         0.0            1.430000            1.430000            1.430000            1.430000      0.269476      242.528813  50764.199079  1.865814e-14       1.430000          1.0             0           0  2.239443e-13         0.0            0.000000            0.000000            0.000000            0.000000      1.430000     1287.000000  48047.000000  0.000000e+00       0.000000          0.0             0           0  0.000000e+00
77        0   77  46.27  1.691449         0.0            1.430000            1.430000            1.430000            1.430000      0.261449      235.303765  50999.502844  1.399360e-14       1.430000          1.0             0           0  1.618710e-13         0.0            0.000000            0.000000            0.000000            0.000000      1.430000     1287.000000  49334.000000  0.000000e+00       0.000000          0.0             0           0  0.000000e+00
78        0   78  46.27  1.696457         0.0            1.430000            1.430000            1.430000            1.430000      0.266457      239.811331  51239.314175  1.629392e-14       1.430000          1.0             0           0  1.884799e-13         0.0            0.000000            0.000000            0.000000            0.000000      1.430000     1287.000000  50621.000000  0.000000e+00       0.000000          0.0             0           0  0.000000e+00
79        0   79  46.27  1.695484         0.0            1.430000            1.430000            1.430000            1.430000      0.265484      238.935759  51478.249934  1.865814e-14       1.430000          1.0             0           0  2.158280e-13         0.0            0.000000            0.000000            0.000000            0.000000      1.430000     1287.000000  51908.000000  0.000000e+00       0.000000          0.0             0           0  0.000000e+00
80        0   80  46.27  1.708098         0.0            1.430000            1.430000            1.430000            1.430000      0.278098      250.288061  51728.537995  1.865814e-14       1.430000          1.0             0           0  2.158280e-13         0.0            0.000000            0.000000            0.000000            0.000000      1.430000     1287.000000  53195.000000  0.000000e+00       0.000000          0.0             0           0  0.000000e+00
81        0   81  43.97  1.715371         0.0            1.430000            1.430000            1.430000            1.430000      0.285371      256.834101  51985.372096  1.399360e-14       1.430000          1.0             0           0  1.538247e-13         0.0            0.000000            0.000000            0.000000            0.000000      1.430000     1287.000000  54482.000000  0.000000e+00       0.000000          0.0             0           0  0.000000e+00
82        0   82  43.97  1.711246         0.0            1.430000            1.430000            1.430000            1.430000      0.281246      253.121435  52238.493531  1.865814e-14       1.430000          1.0             0           0  2.050996e-13         0.0            0.000000            0.000000            0.000000            0.000000      1.430000     1287.000000  55769.000000  0.000000e+00       0.000000          0.0             0           0  0.000000e+00
83        0   83  43.97  1.700836         0.0            1.430000            1.430000            1.430000            1.430000      0.270836      243.752566  52482.246097  2.562299e-14       1.430000          1.0             0           0  2.816607e-13         0.0            0.000000            0.000000            0.000000            0.000000      1.430000     1287.000000  57056.000000  0.000000e+00       0.000000          0.0             0           0  0.000000e+00
84        0   84  43.97  1.705294         0.0            0.000000            0.000000            0.000000            0.000000      1.705294     1534.764602  54017.010700  3.028752e-14       1.430000          1.0             0           0  3.329356e-13         0.0            0.000000            0.000000            0.000000            0.000000      1.430000     1287.000000  58343.000000  0.000000e+00       0.000000          0.0             0           0  0.000000e+00
85        0   85  41.03  1.703985         0.0            0.000000            0.000000            0.000000            0.000000      1.703985     1533.586544  55550.597244  0.000000e+00       0.000000          0.0             0           0  0.000000e+00         0.0            0.000000            0.000000            0.000000            0.000000      0.000000        0.000000  58343.000000  0.000000e+00       0.000000          0.0             0           0  0.000000e+00
86        0   86  41.03  1.697061         0.0            0.000000            0.000000            0.000000            0.000000      1.697061     1527.354642  57077.951885  0.000000e+00       0.000000          0.0             0           0  0.000000e+00         0.0            0.000000            0.000000            0.000000            0.000000      0.000000        0.000000  58343.000000  0.000000e+00       0.000000          0.0             0           0  0.000000e+00
87        0   87  41.03  1.704460         0.0            0.000000            0.000000            0.000000            0.000000      1.704460     1534.013904  58611.965789  0.000000e+00       0.000000          0.0             0           0  0.000000e+00         0.0            0.000000            0.000000            0.000000            0.000000      0.000000        0.000000  58343.000000  0.000000e+00       0.000000          0.0             0           0  0.000000e+00
88        0   88  41.03  1.698379         0.0            0.000000            0.000000            0.000000            0.000000      1.698379     1528.541521  60140.507310  0.000000e+00       0.000000          0.0             0           0  0.000000e+00         0.0            0.000000            0.000000            0.000000            0.000000      0.000000        0.000000  58343.000000  0.000000e+00       0.000000          0.0             0           0  0.000000e+00
89        0   89  37.00  1.699193         0.0            0.000000            0.000000            0.000000            0.000000      1.699193     1529.273344  61669.780654  0.000000e+00       0.000000          0.0             0           0  0.000000e+00         0.0            0.000000            0.000000            0.000000            0.000000      0.000000        0.000000  58343.000000  0.000000e+00       0.000000          0.0             0           0  0.000000e+00
90        0   90  37.00  1.691736         0.0            0.000000            0.000000            0.000000            0.000000      1.691736     1522.562315  63192.342969  0.000000e+00       0.000000          0.0             0           0  0.000000e+00         0.0            0.000000            0.000000            0.000000            0.000000      0.000000        0.000000  58343.000000  0.000000e+00       0.000000          0.0             0           0  0.000000e+00
91        0   91  37.00  1.706342         0.0            0.000000            0.000000            0.000000            0.000000      1.706342     1535.708094  64728.051063  0.000000e+00       0.000000          0.0             0           0  0.000000e+00         0.0            0.000000            0.000000            0.000000            0.000000      0.000000        0.000000  58343.000000  0.000000e+00       0.000000          0.0             0           0  0.000000e+00
92        0   92  37.00  1.710375         0.0            0.000000            0.000000            0.000000            0.000000      1.710375     1539.337321  66267.388383  0.000000e+00       0.000000          0.0             0           0  0.000000e+00         0.0            0.000000            0.000000            0.000000            0.000000      0.000000        0.000000  58343.000000  0.000000e+00       0.000000          0.0             0           0  0.000000e+00
93        0   93  40.00  1.704342         0.0            0.000000            0.000000            0.000000            0.000000      1.704342     1533.907483  67801.295866  0.000000e+00       0.000000          0.0             0           0  0.000000e+00         0.0            0.000000            0.000000            0.000000            0.000000      0.000000        0.000000  58343.000000  0.000000e+00       0.000000          0.0             0           0  0.000000e+00
94        0   94  40.00  1.709800         0.0            0.000000            0.000000            0.000000            0.000000      1.709800     1538.819631  69340.115497  0.000000e+00       0.000000          0.0             0           0  0.000000e+00         0.0            0.000000            0.000000            0.000000            0.000000      0.000000        0.000000  58343.000000  0.000000e+00       0.000000          0.0             0           0  0.000000e+00
95        0   95  40.00  1.713205         0.0            0.000000            0.000000            0.000000            0.000000      1.713205     1541.884503  70882.000000  0.000000e+00       0.000000          0.0             0           0  0.000000e+00         0.0            0.000000            0.000000            0.000000            0.000000      0.000000        0.000000  58343.000000  0.000000e+00       0.000000          0.0             0           0  0.000000e+00
96        0   96  40.00  1.713236         0.0           12.714365           12.714365           12.714365           12.714365    -11.001129    -9901.016050  60980.983950  0.000000e+00       0.000000          0.0             0           0  0.000000e+00         0.0            8.476243            8.476243            8.476243            8.476243     -8.476243    -7628.618939  50714.381061  0.000000e+00       0.000000          0.0             0           0  0.000000e+00
97        0   97  45.02  1.709911         0.0           12.714365           12.714365           12.714365           12.714365    -11.004454    -9904.008795  51076.975156  4.329184e+00      12.714365          2.0             2           0  4.872497e+01         0.0            8.476243            8.476243            8.476243            8.476243      4.238122     3814.309469  54528.690531  0.000000e+00       0.000000          0.0             0           0  0.000000e+00
98        0   98  45.02  1.707967         0.0           12.714365           12.714365           12.714365           12.714365    -11.006398    -9905.758506  41171.216650  4.329184e+00      12.714365          2.0             0           0  4.872497e+01         0.0            8.476243            8.476243            8.476243            8.476243      4.238122     3814.309469  58343.000000  0.000000e+00       0.000000          0.0             0           0  0.000000e+00

